0 0 0 0 0 0 0
16 0 0 0 0 0 0
18 8.9e-06 -5.94e-05 -2.59e-05 6e-05 -0.00016 6e-05
20 1.39e-05 -8.38e-05 -0.0001225 -0.00071 -0.00028 -3e-05
22 1.24e-05 -7.92e-05 -0.000122 -0.00071 -0.00031 -7e-05
24 1.12e-05 -7.15e-05 -0.0001101 -0.00064 -0.00028 -7e-05
26 -1.03e-05 -9.01e-05 -9.33e-05 -0.00072 -3e-04 8e-05
28 -2.77e-05 -2.79e-05 -5.96e-05 -0.00254 -0.00019 0.00036
30 -1.89e-05 -7.5e-06 -3.47e-05 -0.00298 -0.00018 0.00019
32 -1.89e-05 -1.1e-05 -4.33e-05 -0.00364 -0.00012 1e-04
34 -1.2e-05 -0.0001316 -0.0001788 -0.00491 -5e-05 0.00054
36 -2.2e-05 -7.7e-05 -0.0001646 -0.00492 -5e-05 0.00061
38 -4.8e-05 -5.25e-05 -0.0001312 -0.00558 5e-05 0.00041
40 -4.67e-05 -4.91e-05 -0.0001185 -0.00516 7e-05 0.00033
42 -5.4e-05 -2.52e-05 -0.0001098 -0.00502 0.00013 0.00035
44 -5.75e-05 -9.7e-06 -0.0001049 -0.00484 0.00026 0.00047
46 -8.33e-05 -0.0001483 -0.0002034 -0.0051 0.00058 0.00075
48 -7.89e-05 -0.0001916 -0.0002773 -0.00468 0.00041 2e-04
50 -7.35e-05 -0.0001599 -0.0002606 -0.00431 0.00034 0.00013
52 -6.61e-05 -0.0001439 -0.0002346 -0.00388 0.00031 0.00012
54 -6.97e-05 -0.0001406 -0.0002256 -0.00378 0.00026 0.00015
56 -9.38e-05 -9.38e-05 -0.0001853 -0.00492 7e-05 0.00019
58 -0.0001158 -8.6e-06 -0.0001016 -0.00657 9e-05 0.00017
60 -0.0001042 -7.7e-06 -9.14e-05 -0.00592 8e-05 0.00016
62 -0.0001255 -4.77e-05 -9.13e-05 -0.006 0.00024 0.00028
64 -0.0001291 -2.05e-05 -8.2e-05 -0.00554 0.00038 0.00027
66 -0.0001247 -3e-05 -8.43e-05 -0.00524 0.00048 0.00028
68 -0.0001291 -1.97e-05 -7.38e-05 -0.00507 0.00054 0.00022
70 -0.000151 1.71e-05 -4.21e-05 -0.00538 0.00078 1e-04
72 -0.0001409 1.12e-05 -3.7e-05 -0.00498 0.00081 2e-05
74 -0.0001457 -1.15e-05 -1.78e-05 -0.00436 0.00113 -0.00032
76 -0.0001745 3e-06 4.95e-05 -0.00335 0.00128 -0.00033
78 -0.000157 2.7e-06 4.46e-05 -0.00302 0.00115 -3e-04
80 -0.000147 -1.4e-06 4.15e-05 -0.00281 0.00108 -0.00029
82 -0.000145 9.4e-06 4.62e-05 -0.00276 0.00104 -0.00033
84 -0.0001427 -1.4e-06 4.22e-05 -0.00269 0.00106 -0.00034
86 -0.0001518 -4.57e-05 1.35e-05 -0.00316 0.00123 -0.00039
88 -0.0001368 -4.12e-05 1.21e-05 -0.00284 0.0011 -0.00035
90 -0.0001387 -3.82e-05 1.4e-05 -0.00285 0.00109 -0.00037
92 -0.0001533 -5.07e-05 2.51e-05 -0.0031 0.0011 -0.00028
94 -0.0001801 -0.0001751 -0.0001377 -0.00271 0.00107 3e-04
96 -0.0001639 -0.0001836 -0.0001368 -0.00236 0.00101 0.00025
98 -0.0001475 -0.0001652 -0.0001231 -0.00212 0.00091 0.00023
100 -0.0001584 -0.0001518 -0.0001312 -0.00161 0.00102 9e-05
102 -0.0001426 -0.0001366 -0.0001181 -0.00145 0.00092 8e-05
104 -0.0001285 -0.0001398 -9.63e-05 -0.00149 0.00117 3e-04
106 -0.0001314 -9.72e-05 -0.00022 -0.00615 0.0021 1e-04
108 -0.0001284 -0.0001164 -0.0002057 -0.00584 0.00193 0.00018
110 -0.0001156 -0.0001048 -0.0001851 -0.00526 0.00174 0.00016
112 -0.000114 -9.95e-05 -0.0001679 -0.00487 0.00163 0.00013
114 -0.0001885 -0.0001149 -0.0001776 -0.00521 0.00159 0.00117
116 -0.0001842 -0.0001227 -0.0001716 -0.00519 0.00155 0.00098
118 -0.0001991 -6.9e-05 -0.0001396 -0.0054 0.0018 0.00094
120 -0.0001792 -6.21e-05 -0.0001256 -0.00486 0.00162 0.00084
122 -0.0001704 -7.72e-05 -0.0001257 -0.00474 0.0016 0.00061
124 -0.0001683 -0.0001155 -0.0001444 -0.00488 0.00165 5e-04
126 -0.0001594 -0.0002062 -0.0002317 -0.0049 0.00166 0.00088
128 -0.0001435 -0.0001856 -0.0002085 -0.00441 0.0015 0.00079
130 -0.0001431 -0.0001834 -0.0002008 -0.00438 0.00149 0.00085
132 -0.0001466 -0.000174 -0.0002073 -0.00511 0.00173 0.00084
134 -0.0001435 -0.0001567 -0.0001942 -0.0052 0.00175 0.00077
136 -0.0001363 -0.0001471 -0.0001774 -0.00491 0.00167 0.00071
138 -0.0001483 -0.0001807 -0.0002105 -0.00612 0.00199 0.00086
140 -0.0001397 -0.0001589 -0.0002027 -0.0061 0.00196 0.00084
142 -0.000136 -0.000151 -0.0001974 -0.0059 0.00191 0.00084
144 -0.0001406 -0.0002176 -0.000243 -0.00638 0.00225 0.00093
146 -0.0001461 -0.0002452 -0.000268 -0.00649 0.00226 0.00093
148 -0.0001444 -0.0002415 -0.0002644 -0.00622 0.00215 0.00089
150 -0.0001301 -0.0002174 -0.0002381 -0.0056 0.00193 8e-04
152 -0.0001371 -0.0002224 -0.0002568 -0.0061 0.00216 0.00074
154 -0.0001335 -0.0002086 -0.0002503 -0.00604 0.00212 0.00074
156 -0.0001303 -0.0001973 -0.0002419 -0.00606 0.00211 0.00073
158 -0.0001315 -0.0001963 -0.0002584 -0.00656 0.00244 0.00063
160 -0.000127 -0.0001734 -0.0002099 -0.00774 0.00275 0.00085
162 -0.0001302 -7.86e-05 -0.000122 -0.0095 0.00313 8e-04
164 -0.0001909 -0.0001353 -0.0002307 -0.00942 0.00345 0.0019
166 -0.0002061 -0.0002818 -0.0003058 -0.00725 0.00265 0.00242
168 -0.0001855 -0.0002536 -0.0002752 -0.00653 0.00238 0.00218
170 -0.000167 -0.0002282 -0.0002477 -0.00587 0.00214 0.00196
172 -0.0001503 -0.0002054 -0.0002229 -0.00529 0.00193 0.00176
174 -0.0002244 1.6e-05 6.9e-06 -0.01237 0.00245 0.00224
176 -0.0002207 9.4e-05 1.48e-05 -0.01276 0.00253 0.0021
178 -0.0002096 5.84e-05 -4.33e-05 -0.01324 0.00298 0.00185
180 -0.0002037 4.98e-05 -4.23e-05 -0.01266 0.00285 0.00174
182 -0.0002001 4.31e-05 -5.19e-05 -0.01215 0.00272 0.00173
184 -0.000201 5.04e-05 -5.4e-05 -0.0116 0.00283 0.00153
186 -0.0002305 8.47e-05 -5.8e-05 -0.01203 0.00335 0.00158
188 -0.0002503 4.9e-06 -8.7e-05 -0.01351 0.00407 0.00203
190 -0.0002449 0.0001071 8.15e-05 -0.01493 0.00483 0.00225
192 -0.0002313 0.0001201 6.9e-05 -0.01363 0.00458 0.00224
194 -0.000218 0.0001035 5.66e-05 -0.01251 0.00431 0.00209
196 -0.0002312 8.77e-05 1.28e-05 -0.01281 0.00465 0.00204
198 -0.0002377 3.7e-05 -8.37e-05 -0.01418 0.00546 0.00216
200 -0.00023 1.41e-05 -0.0001141 -0.01394 0.00546 0.00232
202 -0.0002212 1.04e-05 -0.0001096 -0.01336 0.00522 0.00224
204 -0.0002294 6.8e-06 -0.0001186 -0.01386 0.0052 0.00246
206 -0.0002222 2.19e-05 -0.0001191 -0.01338 0.00506 0.00233
208 -0.0002272 1.58e-05 -0.000154 -0.0148 0.0056 0.00221
210 -0.0002405 -5.08e-05 -0.000203 -0.0149 0.00553 0.00238
212 -0.000219 -4.92e-05 -0.0001851 -0.01351 0.00502 0.00216
214 -0.000218 -4.99e-05 -0.0001842 -0.01297 0.00481 0.00224
216 -0.0002314 -3.71e-05 -0.0001997 -0.01347 0.00482 0.00245
218 -0.000238 -3.13e-05 -0.000204 -0.01394 0.00489 0.00253
220 -0.0002348 -3.9e-05 -0.0001945 -0.01428 0.00497 0.00257
222 -0.0002348 -2.41e-05 -0.0001921 -0.01456 0.00501 0.00248
224 -0.0002337 -2.29e-05 -0.000199 -0.01494 0.00498 0.00249
226 -0.0002245 -5.64e-05 -0.0002264 -0.0157 0.00486 0.00247
228 -0.0002196 -4.79e-05 -0.0002151 -0.01573 0.0046 0.00235
230 -0.0002069 -2.94e-05 -0.0001984 -0.01501 0.00432 0.0022
232 -0.0002097 -6.45e-05 -0.0002127 -0.01575 0.0044 0.00236
234 -0.0001999 -5.49e-05 -0.0001977 -0.015 0.00411 0.00229
236 -0.0002039 -3.7e-05 -0.000209 -0.01507 0.00405 0.00239
238 -0.0002056 -4.67e-05 -0.0001824 -0.01522 0.00398 0.00247
240 -0.0002154 -2.12e-05 -0.0001366 -0.01607 0.00408 0.00249
242 -0.0002038 3.1e-06 -0.0001237 -0.01524 0.00387 0.00233
244 -0.000204 7.9e-06 -0.0001215 -0.01541 0.00393 0.00218
246 -0.0002149 2.31e-05 -9.23e-05 -0.01663 0.00406 0.00209
248 -0.000207 5.1e-06 -0.0001256 -0.01735 0.00428 0.0022
250 -0.0002098 -2.9e-05 -0.0001979 -0.01838 0.00454 0.0024
252 -0.0001888 -2.61e-05 -0.0001781 -0.01655 0.00408 0.00216
254 -0.0001975 -5.1e-05 -0.0001838 -0.01636 0.00398 0.00213
256 -0.0001965 -9.49e-05 -0.0002278 -0.01655 0.00395 0.00233
258 -0.0001955 -0.0001185 -0.0002683 -0.01639 0.00391 0.00248
260 -0.0002232 -0.0001013 -0.0002862 -0.01574 0.00413 0.00304
262 -0.0002274 -0.0002036 -0.0004052 -0.01697 0.00468 0.00309
264 -0.000217 -0.0002052 -0.0005641 -0.0188 0.00484 0.00326
266 -0.0002221 -0.0003515 -0.0006714 -0.01862 0.00484 0.0033
268 -0.0002149 -0.0003339 -0.0006858 -0.01888 0.00472 0.00341
270 -0.0002088 -0.000283 -0.0006883 -0.01788 0.00459 0.00343
272 -0.0002014 -0.0004019 -0.0007241 -0.01729 0.00464 0.00358
274 -0.0002102 4.98e-05 -3.73e-05 -0.02742 0.00486 0.00397
276 -0.0002449 0.0003692 0.0001334 -0.03308 0.00469 0.00315
278 -0.000229 0.0003045 -9.08e-05 -0.02881 0.00545 0.00355
280 -0.0002075 1.07e-05 -0.00019 -0.02147 0.00656 0.00271
282 -0.0001887 5.26e-05 -0.0001687 -0.02279 0.00594 0.00195
284 -0.0001821 0.0002129 -0.0001076 -0.02456 0.00588 0.00203
286 -0.0001693 0.0001513 -9.86e-05 -0.02397 0.00572 0.00207
288 -0.0001588 6.21e-05 -0.0001781 -0.02392 0.00571 0.00232
290 -0.00015 2.6e-06 -0.0002193 -0.02309 0.00563 0.00245
292 -0.0001475 2.47e-05 -0.0002327 -0.02328 0.00554 0.00256
294 -0.0001469 1.38e-05 -0.0002408 -0.02376 0.00563 0.00243
296 -0.0001447 3.59e-05 -0.0002105 -0.02543 0.00577 0.00257
298 -0.0001487 7.25e-05 -0.0002012 -0.02636 0.00573 0.0027
300 -0.0001477 3.79e-05 -0.0002082 -0.02578 0.00556 0.00282
302 -0.000171 -4.96e-05 -0.0002785 -0.02621 0.00579 0.00294
304 -0.0001851 -4.48e-05 -0.0003075 -0.02529 0.00579 0.00306
306 -0.0001838 -2.66e-05 -0.0003582 -0.02679 0.00613 0.00306
308 -0.0001683 6.1e-06 -0.000332 -0.02619 0.00583 0.00318
310 -0.0001656 -4.48e-05 -0.0003324 -0.0253 0.00544 0.00339
312 -0.0001752 -5.35e-05 -0.0004353 -0.02693 0.0056 0.00327
314 -0.000165 -7.59e-05 -0.000447 -0.02539 0.00548 0.0034
