0 0 0 0 0 0 0
16 0 0 0 0 0 0
18 3.3068136e-06 -2.46997369e-05 7.42503016e-05 0.000832359866666667 -0.000149178666666667 -3.49277e-05
20 6.28021281333333e-05 2.19815209666667e-05 -1.11963950666667e-05 -0.000705370066666667 0.0008438894 0.00112756856666667
22 0.0001045366816 1.46933112e-05 -6.37099058000001e-05 -0.0007642752 0.0029854958 0.0018960154
24 0.0001269104197 -2.81567960333333e-05 -1.48076223e-05 0.0028653644 0.00396141686666667 0.00394462163333333
26 0.000109613544766667 -3.74257509666667e-05 -5.82409951666667e-05 0.00491946686666667 0.00441957786666667 0.0053140777
28 0.0001468506218 -4.20782413e-05 -8.73660568e-05 0.0050428302 0.0051869929 0.0050099223
30 0.000191051082933333 -1.64881386333333e-05 -0.000252075537833333 0.00634283996666667 0.00492161993333333 0.0069985153
32 0.0002434762476 -3.27400755e-05 -0.000325803242166667 0.00804557176666667 0.00592595033333333 0.00867998243333333
34 0.0002640951746 -6.94424839e-05 -0.0002424992334 0.0084575828 0.0078368158 0.0089602884
36 0.0002456829074 -6.93142515333333e-05 -0.000359181944833333 0.00685603873333333 0.0052304338 0.00755509123333333
38 0.0002917092804 -7.25031431333333e-05 -0.000478616231966667 0.00737718626666667 0.00539766426666667 0.0076880105
40 0.0003122453123 -0.0001119711596 -0.0005254818808 0.0081224012 0.0040148584 0.0077075282
42 0.0002936181497 -0.0001073470695 -0.000525464683533333 0.00888786856666667 0.00424346416666667 0.00791745093333333
44 0.000283503400233333 -9.73487419666667e-05 -0.000520388092133333 0.00914512096666667 0.00439921643333333 0.0084137136
46 0.0002938375126 -9.21140266e-05 -0.0004893950609 0.0086639707 0.0041761847 0.0081441688
48 0.000290681071033333 -8.21956033666667e-05 -0.000548991944466667 0.00838820676666667 0.004468282 0.008479286
50 0.000320009704833333 -7.96429134333333e-05 -0.000575516025266667 0.00810374276666667 0.00502345006666667 0.00912005313333333
52 0.00030457362 -0.0001344394671 -0.0005485906794 0.0086827828 0.0045378425 0.0088898284
54 0.0003121501679 -0.000110375779433333 -0.000546511352266667 0.00832679796666667 0.0040868977 0.00846431603333333
56 0.0002982870515 -0.000114942473633333 -0.000521357811066667 0.0085116231 0.00472103456666667 0.00838768256666667
58 0.0003090156041 -0.0001092539318 -0.0005228024843 0.0082743217 0.0045821699 0.0083797887
60 0.000288230397833333 -0.0001264714505 -0.0005125747274 0.0084070996 0.0044069837 0.00846422793333333
62 0.000280234395566667 -0.0001028814263 -0.0005253274626 0.00821679893333333 0.00446285063333333 0.00819696926666667
64 0.0002847674389 -9.7565441e-05 -0.0004966049912 0.0083310977 0.0049658454 0.0079720936
66 0.000280375249133333 -0.000111075512933333 -0.000521544821366667 0.00823006836666667 0.00443901716666667 0.00838197146666667
68 0.0002738038756 -0.000121825944733333 -0.000448382635633333 0.0090482719 0.0054526773 0.00832127953333333
70 0.0002722220866 -0.0001125560165 -0.0005102506767 0.007099833 0.0047682161 0.0076994457
72 0.000289018467266667 -0.0001321891506 -0.0004591682928 0.00817242623333333 0.00520517133333333 0.00806989433333333
74 0.0002699749338 -0.000118738444266667 -0.0004817659884 0.0079471161 0.00560669213333333 0.008156738
76 0.0002679744186 -0.000101508573 -0.000503725725 0.0061240977 0.0064660637 0.0079592378
78 0.000247378342666667 -0.0001030360632 -0.000412091042233333 0.00649910976666667 0.00580656506666667 0.00707293683333333
80 0.0002593143272 -0.000111733616333333 -0.000509258529166667 0.00778307603333333 0.00536935266666667 0.00785118376666667
82 0.000246695533 -9.71642858e-05 -0.0004561730194 0.0075426422 0.0067752534 0.0078467754
84 0.0002677381806 -0.000110628263 -0.000518039392566667 0.00818398686666667 0.00611014063333333 0.0087735911
86 0.0002928637782 -8.84902842e-05 -0.000536657103633333 0.0076603802 0.00660271483333333 0.00867507863333333
88 0.0002598412437 -0.000106017937 -0.000512472798 0.0069668982 0.005652131 0.0087344839
90 0.000239011155166667 -0.0001011023282 -0.000479966849866667 0.00610405246666667 0.0057481714 0.00844834006666667
92 0.000209544836033333 -9.73080045333333e-05 -0.000437588128066667 0.00573533186666667 0.00546701153333333 0.00774769426666667
94 0.0002244912708 -0.0001148208492 -0.0004432211813 0.0052316124 0.0054393954 0.0073444936
96 0.000217021552 -9.02843379333333e-05 -0.000430815121933333 0.0052351263 0.00574635303333333 0.00719310336666667
98 0.000215721342466667 -8.6204429e-05 -0.000438899876333333 0.00538723756666667 0.0057364245 0.00738765756666667
100 0.0002342004512 -8.39391074e-05 -0.0004494665608 0.0053554808 0.006259223 0.0075725859
102 0.000217556526866667 -7.81704039e-05 -0.000453391314866667 0.0054884154 0.00654675443333333 0.00760178013333333
104 0.0002315402046 -5.94368889666667e-05 -0.000447403204333333 0.00517938406666667 0.00731702603333333 0.007783895
106 0.000236464951 -0.0001125966987 -0.0004421828909 0.0059862731 0.0064170638 0.0078624073
108 0.000246799612766667 -0.0001059609133 -0.000467305036633333 0.00606736133333333 0.00654752436666667 0.0075010651
110 0.000214286406033333 -0.000124120937833333 -0.000453572306366667 0.00610190566666667 0.0064427177 0.00781364896666667
112 0.0002170044155 -0.0001229682411 -0.0004064747793 0.0070164962 0.0073680361 0.0082997975
114 0.000211049785333333 -0.000121774851566667 -0.0004184597626 0.00571191346666667 0.0067037437 0.00807058596666667
116 0.0002172096082 -0.000170769612433333 -0.000412965790866667 0.0067811404 0.00787740543333333 0.00779372736666667
118 0.0001777261568 -0.0001727558231 -0.000434458863 0.0070141646 0.0073834265 0.0076288251
120 0.0002034258421 -0.000175842815633333 -0.000394679045533333 0.0073658392 0.0076526644 0.00766106126666667
122 0.0001966610709 -0.000174176917033333 -0.0003810316968 0.0071286802 0.00851157806666667 0.00769146433333333
124 0.0001755316495 -0.0001591622007 -0.0004118440866 0.0068399083 0.0069060745 0.0074692527
126 0.000194592458033333 -0.000139878434533333 -0.000434954598433333 0.0063779206 0.00663254236666667 0.00717581366666667
128 0.000199619635766667 -0.0001597142666 -0.000415503233233333 0.00648858333333333 0.00638961576666667 0.00675541026666667
130 0.0001928973447 -0.0001735094673 -0.000375550104 0.0071620315 0.0074450343 0.0072264703
132 0.000194096422766667 -0.000164492844566667 -0.0003960701508 0.00626669233333333 0.00763269793333333 0.007414775
134 0.000162408317033333 -0.000158616066366667 -0.0003628203004 0.00697573026666667 0.00879079673333333 0.0073463328
136 0.0001341743742 -0.0001933411119 -0.0003621808076 0.007381019 0.008535628 0.0074970928
138 0.0001728719811 -0.0001552460429 -0.0004084762803 0.0062948668 0.00716651613333333 0.00773160903333333
140 0.0001777884677 -0.0001625884227 -0.000388833548633333 0.00550021366666667 0.00673191013333333 0.0068082127
142 0.0001782910901 -0.0001455983226 -0.0003584050572 0.0052781331 0.0061410073 0.0066126905
144 0.000185695634733333 -0.000119543103 -0.0003776216659 0.0047622623 0.0063786185 0.00606128223333333
146 0.000186729738933333 -9.00863199333333e-05 -0.000401919608233333 0.00523197703333333 0.00600281043333333 0.0064636979
148 0.0002298875349 -9.3037161e-05 -0.0004450440482 0.0047004493 0.0055995582 0.0059730852
150 0.000229002748366667 -0.000122876504933333 -0.000420172092 0.0059867838 0.00813395293333333 0.0067180178
152 0.000208322682233333 -0.000114302070666667 -0.000398230883933333 0.0058575766 0.0072417478 0.00635718366666667
154 0.0002053517066 -8.84815494e-05 -0.0004168543168 0.0038289897 0.0064796414 0.0060724472
156 0.0002141326957 -0.0001352035849 -0.0003805434915 0.00530569063333333 0.00683142166666667 0.00631989176666667
158 0.000212762681166667 -0.000146541038566667 -0.000368998734833333 0.0054668539 0.00718006 0.00661192076666667
160 0.0002182334038 -8.63470625e-05 -0.0003867455495 0.002839993 0.0067524304 0.0054559654
162 0.0002207163725 -0.000101204048066667 -0.000396686902266667 0.00253085273333333 0.00724480273333333 0.00478168703333333
164 0.000201777899966667 -0.000113118848933333 -0.000400806196866667 0.00181210673333333 0.00722098386666667 0.00494298283333333
166 0.000204270464 -0.0001133198212 -0.0003730858521 0.0018006862 0.0072320935 0.0048868403
168 0.000195708011933333 -0.000101428953133333 -0.000384905635466667 0.00188168043333333 0.0070938688 0.00482680063333333
170 0.0002164200398 -7.88922978666667e-05 -0.0004281473652 0.00161963756666667 0.006914382 0.00499908163333333
172 0.0002195848986 -0.0001294381689 -0.0003943258574 0.0024240961 0.0081009971 0.0045562442
174 0.000268005924233333 -9.79450990333333e-05 -0.000409625857533333 0.0021666291 0.00845319123333333 0.00415324606666667
176 0.0002802701323 -0.000112643640366667 -0.000379527835733333 0.00248810463333333 0.0084576909 0.00369773813333333
178 0.0002649105761 -9.56408648e-05 -0.0004295954829 0.0019479361 0.0084446303 0.0035061346
180 0.000242419951066667 -0.000138588429966667 -0.000353920144733333 0.00150113133333333 0.00740578663333333 0.0031347486
182 0.000263258224466667 -0.000145843726833333 -0.0003769088678 0.00148117346666667 0.0077660047 0.0027006054
184 0.0002771434412 -0.00013403397 -0.0004500438631 0.0020343003 0.0081156832 0.0029002298
186 0.000255425554166667 -0.000110751571466667 -0.0004108327534 0.00235078346666667 0.0088076045 0.00235130696666667
188 0.0002734180391 -0.000126512919133333 -0.000421714842666667 0.0023503276 0.00830192343333333 0.0023602477
190 0.0002296890205 -0.0001674026987 -0.0003778233081 0.0022461027 0.0083498977 0.001676658
192 0.000231414829933333 -0.000191699962 -0.0003790137564 0.00361566933333333 0.00910522946666667 0.00193798653333333
194 0.000247110762266667 -0.000166947874 -0.000421664825266667 0.00271895086666667 0.0087246426 0.00213184126666667
196 0.0002350752171 -0.0001829772218 -0.0003998875916 0.003075593 0.0080383944 0.0018694233
198 0.00023899036 -0.000163605836433333 -0.000445805909333333 0.0024812678 0.00764268633333333 0.0020439417
200 0.000251870116866667 -0.000168511231566667 -0.000428146039333333 0.0022099796 0.00835478746666667 0.0014339247
202 0.0002487140219 -0.0001821340202 -0.0003842277446 0.0036505883 0.0096607648 0.0012435172
204 0.000237098788 -0.000195113987533333 -0.0004161276274 0.00340107736666667 0.00935587186666667 0.00279744703333333
206 0.000255446469333333 -0.000190339878 -0.000436243130533333 0.0018165307 0.00788428746666667 0.00186041423333333
208 0.0002729453838 -0.0001739248102 -0.0004457498008 0.0024883067 0.0085366867 0.001474233
210 0.000271445009533333 -0.000159533496433333 -0.000442116492866667 0.00195066526666667 0.00809276076666667 0.0012864197
212 0.000284683393266667 -0.000200388837166667 -0.000432590887666667 0.00269148966666667 0.00871907136666667 0.00150380156666667
214 0.0002522387104 -0.0001879512289 -0.0004643534176 0.0033885965 0.0091114107 0.0027401035
216 0.000264673600866667 -0.000218074028966667 -0.0003935081286 0.003813327 0.0099499878 0.00211328523333333
218 0.000262712386 -0.000223027642833333 -0.000420372510266667 0.00345962813333333 0.00953494053333333 0.0024881409
220 0.0002543214838 -0.0002184799557 -0.000394066641 0.0044472704 0.0088166943 0.0021747845
222 0.000239503465633333 -0.000216129381866667 -0.000390657883633333 0.0035865979 0.00877085306666667 0.00168535923333333
224 0.000250768019433333 -0.0002249384912 -0.0003792381405 0.00364955996666667 0.0086480368 0.0012265931
226 0.0002361536242 -0.0002311340863 -0.0003787356487 0.0031964198 0.0078952774 0.0012434677
228 0.000242116333466667 -0.000221400826166667 -0.0003955068354 0.00294247333333333 0.00770802906666667 0.00145745403333333
230 0.000191732862666667 -0.000251812111633333 -0.0003541722334 0.0035378478 0.00795868086666667 0.0007608401
232 0.0002070237561 -0.0002261921657 -0.0003414580423 0.0031931887 0.00718545 0.0005609124
234 0.000210100979333333 -0.000259987554266667 -0.000313214577733333 0.0037464138 0.00692178996666667 0.000304019966666667
236 0.000161295917866667 -0.000277041271666667 -0.0002767830696 0.003612945 0.00647422543333333 -0.0005622311
238 0.0001596908386 -0.0002726305581 -0.0002911425977 0.0028123856 0.0058947568 -0.0010830273
240 0.0001308138916 -0.0002846904952 -0.0002985860045 0.00264573663333333 0.00601827506666667 -0.00181799406666667
242 0.000157104025066667 -0.000246019520266667 -0.000328129085633333 0.00181047743333333 0.00488992086666667 -0.00161811586666667
244 0.0001120518168 -0.0003411701602 -0.0001071274325 0.0013531693 0.0061090209 -0.0020836846
246 9.45809739333333e-05 -0.000276517897066667 -0.000119724930466667 0.00184404236666667 0.00665582913333333 -0.00257697446666667
248 0.000126376223333333 -0.000291194026933333 -0.000185424722533333 0.00236521323333333 0.00730606513333333 -0.00274844193333333
250 0.000134708925 -0.0002636740847 -0.0002600527556 0.0018013526 0.0069707293 -0.0019668566
252 0.000155991431066667 -0.000268571262033333 -0.000276089769133333 0.000811743233333333 0.00534225726666667 -0.0022099552
254 0.000193857002733333 -0.0002482223497 -0.000306590243733333 0.00116014816666667 0.006056293 -0.001601658
256 0.0001934855437 -0.0002084708263 -0.0003342257568 0.00140375 0.0068558113 -0.0012468344
258 0.000211689890266667 -0.000204292954 -0.000332844512966667 0.0017000625 0.0073812521 -0.000653230033333333
260 0.0002184541874 -0.000221195300466667 -0.0003265020815 0.00184945076666667 0.00785914516666667 -0.0003865901
262 0.0002270623717 -0.000215043742 -0.0003270987229 0.002621551 0.0084879849 -0.0002128966
264 0.000193079569233333 -0.0002291046664 -0.000347142284866667 0.00267115813333333 0.008352258 -0.000396648166666667
266 0.000162305860433333 -0.000221786475466667 -0.0003547097068 0.003101645 0.008990428 -0.0016285273
268 0.0001914290551 -0.0002703328136 -0.0003189396118 0.0026552292 0.0083179238 -0.001221333
270 0.000178357616733333 -0.000255970965866667 -0.0003452916679 0.0027039215 0.0070816001 -0.000972538833333333
272 0.0001176657212 -0.000332621823 -0.000211975137633333 0.00288178056666667 0.0059755173 -0.00201198963333333
274 0.0001447451179 -0.0002814721646 -0.0003387819119 0.0029011012 0.0057225655 -0.00269829
276 0.0001387106877 -0.000315524755133333 -0.000281427369633333 0.00235735026666667 0.0063497329 -0.00256225676666667
278 0.000146668645433333 -0.000294970288533333 -0.0003361043711 0.00212417193333333 0.0057170863 -0.00252998183333333
280 0.0001765090303 -0.0003370494211 -0.0002444434958 0.0028883218 0.0058881729 -0.0026122218
282 0.000156748538066667 -0.0003151099551 -0.000303318285666667 0.00178598666666667 0.0056188387 -0.00210228186666667
284 0.000151569789533333 -0.000316817624433333 -0.000240654711466667 0.00194680646666667 0.00617015703333333 -0.00175977833333333
286 0.0001221900609 -0.0002916782304 -0.0002994775493 0.0027191185 0.0073977801 -0.0028333002
288 0.000112844048633333 -0.0002951886665 -0.000197757391 0.0018730609 0.00640188276666667 -0.00240448513333333
290 9.98561135666667e-05 -0.000278592068233333 -0.000252995299333333 0.0014050281 0.00617098343333333 -0.00352759473333333
292 7.16715183e-05 -0.0003229063641 -0.0002348604018 0.0018123676 0.0058728003 -0.0037563189
294 8.10227453333333e-05 -0.000306880979366667 -0.0003067692469 0.00153285976666667 0.00504253126666667 -0.003580376
296 8.38119318666667e-05 -0.000313129532233333 -0.0003044484459 0.0023088735 0.00482170553333333 -0.0033925476
298 0.0001448861233 -0.0003633179396 -0.0002466854039 0.0026382929 0.0056039646 -0.0032617637
300 0.0001596047322 -0.000330791094666667 -0.0002901474823 0.00220606363333333 0.00654792673333333 -0.0026618062
302 0.000163155167466667 -0.000321880894266667 -0.000271354574233333 0.00213906276666667 0.00789052613333333 -0.00169478353333333
304 0.0001572679261 -0.0002750297341 -0.0003261680594 0.0020379039 0.0071964212 -0.0016226639
306 0.0001856811724 -0.000285912700733333 -0.000307181726133333 0.00321389476666667 0.00815873066666667 -0.0010257365
308 0.000174223021733333 -0.0002746041032 -0.000298832826666667 0.00268706363333333 0.00843635546666667 -0.00125198836666667
310 0.0001862766697 -0.0002520760286 -0.0003465844281 0.0021743332 0.0084720027 -0.0016811639
312 0.0002081191585 -0.0002662407692 -0.000300028637466667 0.00195168266666667 0.0083855865 -0.00182375833333333
314 0.000180127511833333 -0.000278187745866667 -0.000310723573133333 0.00241422793333333 0.00793954483333333 -0.0016298278
