0 0 0 0 0 0 0
16 0 0 0 0 0 0
18 -9.73239573333333e-06 -3.85658556666669e-06 1.58863100666666e-05 -0.0001517849 -0.000409445866666667 0.000390713933333333
20 5.48813453333334e-06 5.35011103333331e-06 3.22982299999995e-06 0.0004721985 0.000352664533333333 2.29433333333334e-05
22 -2.44886440000001e-06 -7.02889150000003e-06 -3.43114551e-05 -0.0013842762 -0.0004933287 -0.000157573
24 -1.19199516666667e-06 2.14108522333333e-05 -2.91347603333334e-05 0.000141265766666667 0.000894705066666667 -0.0002956149
26 5.32262283333332e-06 3.00470525e-05 -2.25297260000001e-05 -0.0003857677 0.0013584352 -0.000402563366666667
28 -1.11969693e-05 1.57548145e-05 -3.02123005e-05 -0.0009622095 0.0008376825 -0.000628745
30 -2.53960208333333e-05 1.97681332666667e-05 -4.45186743333339e-06 -0.0012034531 -0.00105988656666667 -0.000243315833333333
32 -2.81414985e-05 3.26286098666667e-05 -3.19987915666667e-05 -0.0011358937 -1.90611e-05 -0.000118587233333333
34 -1.92801815e-05 2.49284722e-05 -9.42369390000006e-06 -0.002716984 0.0003820788 8.85271000000002e-05
36 -3.88170256666667e-06 4.0190347e-06 -4.41846486666667e-05 -0.00119684236666667 0.000822698933333333 -0.000880623133333333
38 -1.01748845666667e-05 -2.2463277e-06 -2.25383206e-05 -0.0013062525 0.000394397 -0.000625358733333333
40 -9.3059008e-06 1.27265209e-05 -4.55114496000001e-05 -0.0008072123 0.0003163931 -0.000601799
42 -4.3909834e-06 -8.59204906666669e-06 -3.69601072666667e-05 -0.00182796383333333 0.000685630166666667 -0.000960961333333333
44 7.72007273333333e-06 -3.96386513333335e-06 -2.02722297333334e-05 -0.0015356685 0.00123490223333333 -0.00164927906666667
46 2.20465694e-05 -1.65072913e-05 -2.04570164e-05 -0.0009935281 0.0017201439 -0.0011987846
48 1.38798192333333e-05 1.41206231333333e-05 -6.66963241666668e-05 -0.00118283356666667 0.000483088733333333 -0.00117504196666667
50 1.52348263666667e-05 2.71330673333333e-06 -5.12860061000001e-05 -0.00149096576666667 0.000670557733333333 -0.00129673323333333
52 1.27942667e-05 3.25285992e-05 -5.51275287e-05 -0.0014402484 0.0001433398 -0.0012043554
54 -2.9138174e-06 4.72830146333333e-05 -3.71862644e-05 -0.00196861183333333 0.0001691025 -0.0004935819
56 -2.5178316e-06 -2.61302234333334e-05 -6.48019141333334e-05 -0.00119051543333333 0.0007914051 -0.0012492137
58 2.10947062e-05 -1.77412074000001e-05 -5.52019138e-05 -0.0007925273 0.0008542228 -0.0018567141
60 2.52761699999995e-07 -2.08621677333333e-05 -3.44857872000001e-05 -0.000619649166666667 -0.0009573564 -0.0015820055
62 1.39984436666666e-06 -2.45220704666667e-05 -4.03526213333333e-05 -0.00101263523333333 0.000185092266666667 -0.00202419956666667
64 2.18705932e-05 5.73941529999995e-06 -2.85538779e-05 -0.0012044419 0.0012282602 -0.0024511483
66 8.25818603333333e-06 -1.47247779333334e-05 -3.26576247333334e-05 -0.00209478156666667 0.000595980533333333 -0.00151575663333333
68 2.22852746333333e-05 4.79101613333329e-06 -4.39574483333334e-05 -0.00190032396666667 0.000452509533333333 -0.00203798896666667
70 2.81635582e-05 -1.08606871e-05 -5.28217039e-05 -0.0010575084 0.0013547891 -0.0016316838
72 1.76418258333333e-05 7.70289369999999e-06 -7.82650862333333e-05 -0.00155350153333333 0.00128256826666667 -0.0016322769
74 2.04570723e-05 9.51131699999988e-07 -6.65421675666667e-05 -0.00176797486666667 0.000855482133333333 -0.00164406116666667
76 1.22614861e-05 2.40640226999999e-05 -4.79296238e-05 -0.001313505 0.0013596641 -0.0015939937
78 7.54702233333334e-07 3.15552062333333e-05 -9.93673443333335e-06 -0.0020481403 0.00186161716666667 -0.00151056913333333
80 7.93922616666667e-06 -3.78807723e-05 -5.61345333666667e-05 -0.00115515183333333 0.000971898566666667 -0.00137943233333333
82 2.58905399e-05 3.86103699999928e-07 -8.04143568e-05 -0.00132249 0.0015251511 -0.0014481236
84 2.88850352333333e-05 3.56492817333332e-05 -8.68324647666667e-05 -0.000729859066666667 0.0014211932 -0.000662643533333333
86 2.59162843e-05 5.71441925333333e-05 1.81361344999999e-05 -0.000623802066666667 0.000333415 -0.000894313133333333
88 3.83226995e-05 -2.60281618e-05 6.43937489e-05 -0.0001568624 4.14701000000001e-05 -0.0017848943
90 4.46918533666667e-05 2.46175106666667e-05 -2.71504476000001e-05 -0.000661085366666667 0.000583559166666667 -0.0011869122
92 2.93206063666667e-05 6.86262386666663e-06 -2.37889879333333e-05 -0.00271103676666667 0.000394134166666667 -0.00263443253333333
94 3.14186351e-05 1.89917058e-05 -9.17158211e-05 -0.002037552 0.0005107565 -0.0027067318
96 3.91828230666667e-05 -4.07462953333333e-05 0.000217823598333333 -0.000807148166666667 0.00136442853333333 -0.002340763
98 7.01836808666667e-05 -7.92597621333333e-05 0.0003616701404 -0.0007158645 0.0001443904 -0.00274171486666667
100 7.67069385e-05 -0.0001287956036 0.0003050628138 -0.0003423829 0.0013907136 -0.003412966
102 5.48450301e-05 -9.39716530333333e-05 0.000307162684866667 -0.000763056633333333 -0.000999390333333333 -0.00276415163333333
104 5.19833064333333e-05 -0.000130517622833333 0.000299907516466667 -0.00166000516666667 -0.000503125666666667 -0.00319660256666667
106 9.1440192e-05 -0.0001156489607 0.0002806422146 -0.0020089865 0.0010574184 -0.003738517
108 7.58242134666667e-05 -8.51957732333333e-05 0.000265645334266667 -0.0016067758 0.000585812 -0.00291352976666667
110 9.32561914666667e-05 -8.55938185000001e-05 0.000300649603866667 -0.00189014386666667 0.00038511 -0.00308789203333333
112 7.25127807e-05 -0.0001135633016 0.0002738977321 -0.0022127004 0.000332501 -0.0018308894
114 9.26092764e-05 -6.66953537333333e-05 0.000288834042966667 -0.00156719773333333 0.000506263733333333 -0.00106574936666667
116 7.13265311333333e-05 -0.000106392813533333 0.000290633934566667 -0.0021646946 0.000178544533333334 -0.00150595816666667
118 5.39730326e-05 -2.93873080000001e-06 0.0003135885792 -0.0024019819 0.0018809467 -0.0024875478
120 8.84036026e-05 -0.000102707463933333 0.000321529383566667 -0.0009386042 0.0009861232 -0.0021537626
122 6.99636342666667e-05 -6.76827115333333e-05 0.000325888693433333 -0.0007735606 0.000251087333333333 -0.001910498
124 9.18446966e-05 -0.0001552821461 0.0003443620621 -0.000883521 -0.0002605159 -0.0028809267
126 8.79380169e-05 -9.92150358e-05 0.000323909294466667 -0.00133797326666667 0.000206787633333333 -0.00294671063333333
128 9.75752209e-05 -0.000115633432 0.000306048012933333 -0.000966090066666667 0.000996991833333333 -0.0028195013
130 7.15425198e-05 -0.0001302211404 0.0002837660569 -0.0003537455 0.000885599 -0.0027992958
132 9.08854868333333e-05 -0.000109065939533333 0.0002953768506 -0.0012379718 0.000949665866666667 -0.00272430073333333
134 0.000100899342633333 -9.86490969333333e-05 0.000291600083933333 -0.001027202 0.00174955853333333 -0.00289254426666667
136 8.9418157e-05 -0.0001078364365 0.0003052501077 -0.0009855692 0.0007986634 -0.0033186163
138 9.39969126666667e-05 -8.64629454e-05 0.000305196689666667 -0.0009567945 0.0006386311 -0.0027404044
140 8.48326522666667e-05 -9.91853003333333e-05 0.000319823300533333 -0.0014519031 0.000678571366666667 -0.00295507873333333
142 0.0001054760746 -8.47910413e-05 0.000370583781 -0.0004786934 0.0018530434 -0.002697393
144 0.000118167654 -0.000127941039433333 0.0003897718385 0.000408638333333333 0.0015388503 -0.00317393386666667
146 0.000117677534 -0.000146296572633333 0.000300264039166667 -0.000408959533333333 0.0007209171 -0.00278073746666667
148 0.0001039329351 -0.0001274197293 0.0003054511537 -0.0010795904 0.0004533018 -0.0032430335
150 0.0001257289196 -3.40852047e-05 0.000295246164333333 -0.000698401566666667 -0.000100817733333333 -0.00276825366666667
152 0.0001099461826 -0.000102374742433333 0.0003035103448 -0.00192106363333333 -5.18547999999999e-05 -0.0024122004
154 0.0001076682986 -0.0001370081053 0.0003678033157 0.0001428645 0.0005372905 -0.0034704334
156 0.000155981143733333 -0.000180946281033333 0.000325492788633333 0.0019359168 0.000843644866666667 -0.00382583433333333
158 0.000164469088666667 -0.000124584553566667 0.000312299781433333 0.00216161306666667 0.00130702073333333 -0.0038736028
160 0.0001834534047 -0.0001161585457 0.0002765046142 0.0022315414 -0.0006524732 -0.0044095052
162 0.000139562344966667 -4.41076602e-05 0.000350804676366667 0.00221322343333333 0.00128757346666667 -0.00379813076666667
164 0.000149786869166667 -0.000149807094866667 0.0003899364011 0.00284297636666667 -4.52196e-05 -0.00396174256666667
166 0.0001137232675 -0.0001367611296 0.0003772556578 0.0042972554 -2.25387000000001e-05 -0.0024113612
168 0.0001638575658 -0.000186669574866667 0.0004089618416 0.0031092703 0.0009741514 -0.0028242279
170 0.000184908818933333 -0.000196176855933333 0.000741130937933333 0.00389787656666667 0.00123031333333333 -0.00219731923333333
172 0.0002243711155 -0.0004339722149 0.0006041054655 0.00629645 0.0009982405 -0.0034108304
174 0.000205117263766667 -0.000397805563266667 0.000439845707333333 0.00689933776666667 0.00147000923333333 -0.00437340243333333
176 0.0001926545221 -0.000223138514333333 0.000403505517666667 0.0049414553 0.000972774633333333 -0.0038816753
178 0.0002168606464 -0.000165513544 0.0003454216222 0.0038607986 0.0029461386 -0.003832577
180 0.000223010974566667 -0.000234829417833333 0.000399765845333333 0.00436411273333333 0.00222932633333333 -0.004210905
182 0.000192780392766667 -0.000257506645366667 0.000404539238933333 0.00654620706666667 0.0008929066 -0.00417628826666667
184 0.000220363335 -0.0001111740897 0.0003852615696 0.0065863788 0.0026205915 -0.0053353162
186 0.000207353182533333 -0.000229941338766667 0.000250310004266667 0.00429998383333333 0.000823042166666667 -0.0058127768
188 0.000196705562933333 -0.000286637234766667 0.000352334174733333 0.00506573183333333 0.000797362833333333 -0.00531837746666667
190 0.0002103541684 -0.000270729905 0.000354639149 0.005763204 0.0007976021 -0.0046500416
192 0.0002129141146 -0.00030514677 0.000360334355333333 0.00516936633333333 0.0012600509 -0.00598636366666667
194 0.0002047059976 -0.000291696996266667 0.000411961855866667 0.00437358086666667 0.00138789603333333 -0.00691797953333333
196 0.0002006686391 -0.0003074191969 0.0003226584578 0.0052070599 0.0008092862 -0.0062002504
198 0.0001662259511 -0.000254554367133333 0.0003599534718 0.00389959033333333 0.00100958523333333 -0.00592402923333333
200 0.000176865629966667 -0.000268600109266667 0.000385548688733333 0.00325934166666667 0.000141115033333333 -0.00556237903333333
202 0.0001612033807 -0.0002477387827 0.0003919344777 0.0031896848 0.0004272639 -0.0055446125
204 0.0001864032028 -0.000284256560666667 0.000384088979233333 0.00404974096666667 0.000994858333333333 -0.00529865973333333
206 0.000177315736933333 -0.000296416097066667 0.0004025464099 0.0040744763 0.0012955808 -0.0056292068
208 0.0001599594977 -0.0002670754629 0.0003803144964 0.0034718459 2.49042000000001e-05 -0.005849174
210 0.0001677648948 -0.000284978664966667 0.0003428536921 0.00464991653333333 0.000689611766666667 -0.00554963483333333
212 0.000161748646933333 -0.000266765931966667 0.000363705626566667 0.00361301846666667 0.000350611366666667 -0.0059717135
214 0.0001641219691 -0.0002863079238 0.0003643229937 0.0047331869 0.0021804245 -0.0065093885
216 0.0001772645145 -0.000192104437266667 0.000345483263433333 0.00220314106666667 0.0014478481 -0.0055967527
218 0.000188822979166667 -0.000229836798933333 0.000408020344633333 0.001931248 0.00142674883333333 -0.00568536943333333
220 0.0001647831463 -0.0002524042822 0.0004009096058 0.0024520429 0.000215019 -0.0054371783
222 0.000156777079866667 -0.0003424958883 0.000398162819066667 0.0045045475 0.0012012541 -0.00640120576666667
224 0.000197222866733333 -0.000284841210033333 0.000413687907933333 0.00381620823333333 0.000531541433333333 -0.00581976243333333
226 0.0002112164826 -0.000286643705 0.0003749689284 0.0039723914 0.0006614173 -0.0051650022
228 0.0001942209616 -0.000240326310433333 0.000433750324733333 0.00211216786666667 0.0003648329 -0.0059885594
230 0.000162988005733333 -0.000283114574966667 0.000370217639533333 0.00349093546666667 -0.000430986166666667 -0.00548151106666667
232 0.0001730471648 -0.0002814435991 0.000372351522 0.0027040495 0.0021637723 -0.0055392345
234 0.000197335587066667 -0.000246936771 0.000386519467866667 0.00316259506666667 0.0011101402 -0.0058615535
236 0.000194742342466667 -0.000208977179466667 0.0004050716006 0.00166922386666667 0.000765211066666667 -0.00557550383333333
238 0.0001924023866 -0.0002616764017 0.000414533148 0.0034922059 0.0017223727 -0.0049585984
240 0.0001739198827 -0.0002909976028 0.000371316241966667 0.0040628441 0.00175511276666667 -0.00523179576666667
242 0.000181751897166667 -0.000316619999666667 0.0003751641455 0.0038888841 0.0006807877 -0.0059262173
244 0.0002223415605 -0.0003010137079 0.0003534552462 0.0036522533 0.0014752587 -0.0057216475
246 0.0001865459958 -0.0002531819263 0.000362616199266667 0.00258825883333333 0.000783600833333333 -0.0065118306
248 0.000170326271933333 -0.0002246454089 0.0003405894566 0.0020745373 0.000675339166666667 -0.0058069508
250 0.000158189108 -0.0002150408898 0.0002062816581 0.0017677702 0.0002750113 -0.0056043676
252 0.000188102085933333 -0.0002445344084 0.000365846668866667 0.00166620513333333 0.00117647696666667 -0.0063890069
254 0.000172921639533333 -0.000304555734133333 0.000545036973066667 0.0028672536 -0.000677058433333333 -0.00648539643333333
256 0.0002065999119 -0.0003265053559 0.0005420712304 0.0036383712 0.0018921784 -0.0062084161
258 0.0002137416549 -0.000310393431733333 0.000505017573666667 0.00209343043333333 0.000939738933333333 -0.00595322163333333
260 0.000224090890966667 -0.000284520313533333 0.000504831501666667 0.0027342499 0.0018538588 -0.0055210449
262 0.0002144850516 -0.000285478778 0.0004842422376 0.0021469323 0.0014663372 -0.0057838087
264 0.0002130927119 -0.000264513195266667 0.000490397672433333 0.00101094426666667 0.0006386853 -0.00524173423333333
266 0.0002234658919 -0.000278874134266667 0.000515440251433333 0.00110754126666667 0.000744603433333333 -0.00520457116666667
268 0.0002398899304 -0.000276280544 0.0004816440547 0.0028758995 0.0009984839 -0.0051263274
270 0.000210289188633333 -0.000271853008 0.000504474351433333 0.0014113695 0.00145516503333333 -0.0063279123
272 0.0002254288359 -0.000242324534 0.000500806645566667 0.00152242816666667 0.000870999566666667 -0.0048571389
274 0.0001830017939 -0.0002119888753 0.000539009659 0.0010694679 0.0013341977 -0.0054334652
276 0.000195358773633333 -0.0002191626848 0.000511413789166667 0.0009007358 0.0019972016 -0.00460325233333333
278 0.000217352180766667 -0.000227520510066667 0.0005252144657 0.000920203466666667 0.0024359156 -0.0056344458
280 0.0002266990541 -0.0002124285563 0.0004719753676 0.0014035417 0.0039382331 -0.0056828982
282 0.000207725871166667 -0.000230226922066667 0.000486119686566667 0.000665106466666667 0.00198670223333333 -0.00594542336666667
284 0.000212632916566667 -0.000208272544266667 0.000472733263966667 0.000122897133333333 0.0016631215 -0.0056890995
286 0.0002069494395 -0.0002256017988 0.0004953611895 0.0007873379 -0.0005088485 -0.0048072301
288 0.000214045509166667 -0.0002235859676 0.000529437139866667 6.68436e-05 0.00100893723333333 -0.00555832043333333
290 0.000223183753966667 -0.0002284004118 0.000514918809866667 0.0006545848 0.000740087033333333 -0.0051531211
292 0.0002048504434 -0.0002319742033 0.0005082997133 0.0001443637 0.0019080744 -0.0051058741
294 0.000215726722266667 -0.000215788287466667 0.000488484030166667 -0.0002674685 0.000921050666666667 -0.0056475041
296 0.000220422688666667 -0.000212699875066667 0.000453521555433333 0.000397917433333333 0.00104272706666667 -0.00509349943333333
298 0.0001935474472 -0.0001990125122 0.0004528730717 -0.0006723427 0.0014464342 -0.005810999
300 0.000218527607866667 -0.0001858961989 0.000477490939433333 -0.000131412433333333 0.00106905756666667 -0.00493113326666667
302 0.0002396670182 -0.000169585398833333 0.000555628335433333 -3.16919666666667e-05 0.00171342196666667 -0.0052075046
304 0.0002224302441 -0.0002513051503 0.0005434095657 -0.0006657931 0.0020293587 -0.0066736658
306 0.000209982853666667 -0.0002089158233 0.000509064498633333 -0.000550399533333333 0.0006737665 -0.0060783714
308 0.0002275488486 -0.000243835318966667 0.000527848520833333 0.000350673 0.0024698961 -0.00519743673333333
310 0.0002268883205 -0.0002585036275 0.0005484038185 -0.0009994755 0.0015939589 -0.0063596259
312 0.000226673419833333 -0.000244715981733333 0.0004671528784 -0.0002584294 0.00223635946666667 -0.00568868343333333
314 0.0002114508153 -0.000174436751333333 0.000329123974133333 -0.0001544628 0.0010365716 -0.0051843453
