0 0 0 0 0 0 0
16 0 0 0 0 0 0
18 -3.79279580333333e-05 2.86590003666667e-05 0.000131224962433333 0.000534935799999999 0.00154878196666667 -0.0003922321
20 -6.33533832333333e-05 -2.31149639666667e-05 0.000146319099966667 0.000174858933333333 0.0031299331 -0.0006987101
22 -0.0001363383104 4.2374918e-05 0.0001686684692 2.43015000000006e-05 0.0045823076 -0.0009331179
24 -0.000427209122733333 0.0002401100043 0.000913072240233333 0.0130025906 0.00408426156666667 0.0075623352
26 -0.0002249057834 0.0001676229871 0.0005868792537 0.0107320164666667 -9.19158333333335e-05 0.00605095793333333
28 -0.0002186746723 0.0003904023764 0.0002555909528 0.0133100392 0.0009590908 0.004446859
30 -0.000143058162933333 0.0002442272872 0.000616396849533333 0.0110368471 -0.00708504986666667 0.00198543373333333
32 -0.000274074079133333 5.62354938e-05 0.00105386757906667 0.0003537127 -0.000423063266666667 0.000253032266666667
34 -0.0002875643119 4.96182226e-05 0.0007269413578 -0.0062905383 0.0008707611 0.0002578533
36 -9.90538648333333e-05 7.19269400666667e-05 0.0005381156037 -0.00968361796666667 0.00519135476666667 -0.00128152666666667
38 3.31784686333333e-05 8.3299218e-05 0.0004611423795 -0.00872945636666667 0.00250950976666667 -0.00204469493333333
40 5.76372869e-05 6.82667663e-05 0.0004177842654 -0.0081895889 0.0040158201 -0.0006464801
42 -7.04861109666667e-05 4.142162e-06 0.000496036143233333 -0.00695857866666667 0.00519428476666667 -0.00182232316666667
44 -4.81252841e-05 4.06190267333333e-05 0.000510148460566667 -0.00365749833333333 0.0046441769 -0.00147278036666667
46 -5.41172733e-05 -2.82017412e-05 0.0004926165176 -0.0058068759 0.0042897678 -0.0004694657
48 -5.32220047333333e-05 2.17809677333333e-05 0.000472473985466667 -0.0052548442 0.0051283019 -0.0011055549
50 -9.21747406666667e-05 7.2967528e-05 0.000631152548466667 -0.0037174302 0.00386230543333333 0.0003414421
52 -0.0001058484643 3.48831295e-05 0.0007481166424 -0.0061506264 0.0052957714 0.0003746296
54 -4.73040733e-05 4.36606808333333e-05 0.000246678925133333 -0.012774531 0.0071981288 -0.00111919083333333
56 -1.09735303333333e-06 1.62798237666667e-05 -0.000132092497666667 -0.0114363990666667 0.00543474046666667 0.000368474433333334
58 -2.47567558e-05 6.07255966e-05 -0.0001010459384 -0.0101002994 0.0053205672 0.0004004045
60 1.57430306666667e-05 9.47406542666667e-05 2.7440389e-05 -0.00207466106666667 0.00403543043333333 0.0004021335
62 2.60050838666667e-05 2.66929715333333e-05 6.84507247333333e-05 -0.00406563013333333 0.00179288383333333 0.00258017696666667
64 4.52156529e-05 -2.36198944e-05 -0.00026208757 -0.0106720024 0.0004522381 0.002592645
66 9.88938716333333e-05 5.19703531333333e-05 -0.000425337202766667 -0.01266311 0.00221406763333333 0.000268532966666667
68 4.81401766333333e-05 0.0001053412256 -0.000122952976033333 -0.010925062 0.0033358583 -0.000470940033333333
70 6.5244355e-05 -8.64308462e-05 -0.0004999682807 -0.0114591823 0.0003549823 0.0014906026
72 -8.45339874333333e-05 1.96110331333333e-05 -0.000203436572333333 -0.00386483613333333 0.00319425076666667 0.00144766413333333
74 -0.000245039121433333 0.000275783919733333 -6.27552018666667e-05 0.00648827466666667 0.0057229505 0.0004331288
76 -9.81279521e-05 0.0001610679051 -0.000201574389 0.0060284412 0.001921982 0.0002942938
78 -1.19522965e-05 4.02894669666667e-05 -8.2144367e-06 -0.0027659841 0.00290245986666667 0.0005552127
80 -3.13642738333333e-05 7.80621840333333e-05 -0.000566762103366667 -0.0060644933 0.0012789708 0.0027347399
82 -0.0001446566441 8.67456857e-05 -0.0003746626426 -0.0057955767 0.0022276041 0.0039888602
84 -0.000175903397766667 0.000118863731733333 -7.34899926333333e-05 -0.00102962966666667 0.0017259865 0.0034518143
86 -0.000182417872033333 0.000288096340933333 0.000159054726233333 0.00850280466666667 0.00168854303333333 0.0047226543
88 -0.0002690794225 0.0001549505472 0.0004873615199 0.0127160681 0.0020204998 0.0054891423
90 -0.000297639728433333 6.18424177333333e-05 0.0010163524785 0.0078876738 -0.00027828 0.00399277153333333
92 -0.000277077228233333 8.90228226666667e-05 0.000610966560166667 0.00629850473333333 -0.00120790686666667 0.0049651238
94 -0.0003292575837 0.0001025825787 0.0005228401934 0.007423007 0.0018142238 0.0040321359
96 -0.0002733030055 0.000176668479266667 0.0005074680348 0.0102191323333333 0.0036032794 0.00206219123333333
98 -0.000188111345366667 3.92008962666667e-05 0.0006602184952 0.00556225173333333 0.00206652833333333 0.0015419717
100 -0.0001293601219 2.62116414e-05 0.0005546399125 0.0053226922 0.0008080456 0.0020348139
102 -0.000139248494066667 -3.63840165333333e-05 0.000448095983633333 0.0032211382 0.000425932633333333 0.0020012081
104 -0.000247821237666667 7.85503919999999e-06 0.000380350163233333 0.00335561326666667 0.00238482783333333 0.00222612036666667
106 -0.0002600575575 -9.37862239999999e-06 0.0004824835192 0.0064240376 0.0042284482 0.0033814731
108 -0.000210188876066667 4.82072266666663e-07 0.000283264842633333 0.00358839843333333 0.00396009676666667 0.00317173393333333
110 -0.0003349335854 0.000301537188933333 0.000527748690966667 0.00990640223333333 0.00608867023333333 0.00280654633333333
112 -0.0002512898253 0.0001470619122 0.0001380867016 0.0062976689 0.0018551326 0.005123716
114 -0.000156326550233333 0.0001047971961 0.000593183025766667 0.0037590245 0.00540875713333333 0.000563344
116 -7.19590762333333e-05 -8.07923996666666e-06 0.0008676180991 -0.00767654836666667 0.00382069373333333 -0.0016026936
118 -0.0001524870655 -2.60226267e-05 0.001275067228 -0.0147169458 0.0048163441 -0.0016704394
120 -0.000116834811533333 2.45581657333333e-05 0.0006857085054 -0.0105762165333333 0.0060408285 -0.0010071682
122 -0.000154627884466667 -1.50244750666667e-05 0.000309207419 -0.00920911886666667 0.00440392796666667 0.00104566146666667
124 -0.0001827551622 4.89705121e-05 0.0002068145356 -0.0020726347 0.0038247171 0.0025435481
126 -0.0001623941803 4.96031777666667e-05 0.000308650487833333 0.00131780743333333 0.0042780898 0.00273313083333333
128 -0.000125438861433333 2.60395577e-05 0.0007807435645 -0.00450380483333333 0.00634357853333333 -0.00125554176666667
130 -8.78497935e-05 2.75379967e-05 0.0007387424163 -0.011027182 0.0064159099 -0.0025161508
132 -0.0001179645806 3.80636084333333e-05 0.000769065253533333 -0.007127054 0.00924604163333333 -0.0001280752
134 -7.44149447333333e-05 -5.1341615e-06 0.000827341971933333 -0.0095324538 0.00799112243333333 -0.001324452
136 5.53602814e-05 -1.88441288e-05 -0.0009755158015 -0.0103385767 0.0041624928 0.0019768844
138 9.04993002e-05 1.16990284e-05 -0.000657223400433333 -0.0129932693333333 0.00733304203333333 0.000574846166666667
140 8.28938297333333e-05 -1.25555802666667e-05 -0.000264830371566667 -0.009698545 0.0070842135 0.00137492503333333
142 0.0002229225124 5.47147333e-05 -0.0004052118258 -0.0046763621 0.0060060637 -0.0001266874
144 0.0001051922328 -1.76668497333333e-05 -0.00105808687146667 -0.000681969866666667 0.0099937596 -0.0006933505
146 -9.51278026666667e-06 -0.0001043639164 -0.000359884789933333 -0.00372862206666667 0.00850855246666667 0.00405595616666667
148 -5.94021739e-05 7.23209719e-05 -0.0001971234487 -0.0087026254 0.0081559207 0.0044280981
150 1.50180077e-05 3.41774963333333e-06 1.47102512e-05 -0.0108572155666667 0.00628553513333333 0.00121901866666667
152 5.88539265e-05 8.84572063333333e-06 -5.79004685333333e-05 -0.0088896023 0.00712181373333333 0.0019599432
154 -2.41774453e-05 -7.56741772e-05 0.0001843077549 -0.0113002606 0.0078544609 0.0012225968
156 -5.15692588666667e-05 -8.61972607666667e-05 0.000200684877933333 -0.0121309301333333 0.00923994686666667 0.00165589433333333
158 1.20192022666667e-05 -2.43852405666667e-05 9.64477901333333e-05 -0.00773417106666667 0.0080759238 -0.000208682
160 1.04333161e-05 5.54206006e-05 -0.00012935013 -0.0045893128 0.005990048 0.0008742078
162 -7.30346381666667e-05 -2.13918085e-05 0.000288743723966667 -0.00416919683333333 0.00591635996666667 0.00180249823333333
164 -0.000103701144833333 -4.62525406333333e-05 0.0008553529355 -0.00193873496666667 0.00128414083333333 0.00470769056666667
166 -0.0001082626092 3.4424206e-05 0.0004946051351 0.0008593167 -0.0119514658 0.0063431722
168 -7.99518672333333e-05 -2.24264169999999e-06 0.000555603573833333 -0.0008836306 -0.00477397636666667 0.00227614656666667
170 -0.000116820734166667 6.25429899666667e-05 0.000460881311766667 -0.00105781313333333 -0.00170257443333333 0.0003304525
172 -1.4993289e-06 -5.93998741e-05 0.0004744695677 -0.0070222383 -0.0041810381 0.0008100464
174 1.02360299e-05 -6.73840897666667e-05 0.000332758734366667 -0.00791239396666667 -0.00716332066666667 0.00281137166666667
176 -5.0682135e-06 -0.000105996400166667 0.0007919897117 -0.00494141523333333 -0.0065148214 0.0019981968
178 -0.000116817414 -3.4671963e-05 0.0006444723598 0.0019794033 -0.006372211 0.002478269
180 -0.000183009031666667 5.83098136e-05 0.000416912908033333 0.00557762443333333 -0.00446433703333333 0.0042741885
182 -0.000124426876533333 1.82047104666667e-05 0.0003861190541 0.00216682796666667 -0.00298733563333333 0.00245150783333333
184 -1.88023185e-05 -4.09545428e-05 0.0005341720829 -0.0069838738 -0.001314337 -0.0002616508
186 0.000112289449833333 -6.61923268e-05 -0.000184174447133333 -0.0188258712666667 0.00149852363333333 -0.0023197798
188 6.15186245666667e-05 -9.28673992666667e-05 -0.000206862564533333 -0.0163199714666667 0.00250160596666667 -0.00119864606666667
190 5.54300917e-05 -4.47057013e-05 -0.0004447099324 -0.0135614623 0.0029393955 -0.0006803686
192 7.21923291333333e-05 -5.65755053333333e-05 -0.000422810179533333 -0.0168694999 0.00295105926666667 -0.0001886923
194 -6.93943707333333e-05 -8.08550820666667e-05 1.85763996e-05 -0.0123550111 0.0034576068 0.00163116716666667
196 -0.0001106376043 -4.9708645e-05 0.0001918640478 -0.0089365963 0.0017309155 0.0030218059
198 -6.35224256666667e-06 2.56479209333333e-05 -0.000460694217933333 -0.0098165702 0.00269052576666667 0.00144452213333333
200 -3.34933571e-05 -7.31161566e-05 -0.000759651279266667 -0.0171966671333333 0.0062578749 0.0006115598
202 -0.000101546356 1.00186622e-05 -0.0006301580983 -0.012842786 0.0057060926 0.0011637005
204 -3.49017715666667e-05 3.66321701333333e-05 -0.000535644143033333 -0.0128580221666667 0.00622935336666667 -0.0011197544
206 5.13175310333333e-05 8.13075362e-05 -0.000970397996366667 -0.0191231287666667 0.00344025523333333 -0.00204621353333333
208 6.78594396e-05 -0.0001756486307 -0.0010547339511 -0.0251866952 0.0067409378 -0.0022143564
210 -2.00070051333333e-05 -9.88400830333333e-05 -0.00114843440656667 -0.0230701725333333 0.00680233716666667 -0.00079641
212 -3.09054541333333e-05 -3.77370571666667e-05 -0.00104743807756667 -0.0188930182666667 0.00593505223333333 0.000907299866666667
214 -4.4284775e-06 -4.11108307e-05 -0.000857745738 -0.0164103701 0.00435513 -0.0011050221
216 3.97345728333333e-05 -5.81865897e-05 -0.0013077645931 -0.0176210724666667 0.00107969543333333 -0.00150213076666667
218 3.40598777666667e-05 -7.78360764333333e-05 -0.000846379100166667 -0.0141511335333333 0.0017155983 -0.000235354366666667
220 9.4927993e-06 -0.0001131290619 -0.0010044365071 -0.0254264564 0.0068736387 -0.0031663917
222 0.000128357797666667 -0.000193293236666667 -0.000415513448 -0.0189927225333333 -0.003348211 0.000535721733333333
224 5.48188456e-05 -0.000179986403666667 -0.0006028213282 -0.0228979038666667 -0.0005949684 -2.30246666666667e-05
226 6.13651461e-05 -6.53410426e-05 -0.0007421724196 -0.0183374496 0.0008001463 0.0002464595
228 0.000105793389066667 -8.88479140333333e-05 -0.000612445236266667 -0.0161863655666667 0.00105938166666667 -0.0003033373
230 0.000207740433333333 -7.97674451666667e-05 -0.0004737498152 -0.0139513825 -0.000674512666666667 0.0001013817
232 0.0001830046361 -0.0001193851743 -0.0003601283819 -0.0150654566 0.0005998427 -0.0002082277
234 0.0001110383761 -7.01703512333333e-05 -0.0004430863668 -0.0119100897666667 0.0029882126 0.00160026996666667
236 0.0001794256937 8.63665432333333e-05 -0.000377475788466667 -0.00584419703333333 0.00342483366666667 0.00148382663333333
238 0.0001701285184 -4.94234965e-05 -0.0003608760129 -0.0112350919 -0.0001417239 0.0021689776
240 0.000161142147666667 -0.0001381474049 -0.000210017428666667 -0.0171218884 -0.0053632235 0.000457015533333333
242 9.89329793333333e-05 -8.86990888333333e-05 -0.000342259127866667 -0.0144738462666667 -0.00398335623333333 0.00203253246666667
244 3.08299268e-05 -4.20764398e-05 0.0002353509413 -0.0105466962 -0.0012703518 0.0017470009
246 -8.17747216666667e-05 -5.51648769e-05 0.000754356234566667 -0.00833237406666667 0.00421532536666667 0.00106888583333333
248 -0.0001438494834 1.34990619666667e-05 0.0017116809961 -0.00508355166666667 0.0024515567 0.00201640816666667
250 -0.0001021659904 1.10141753e-05 0.0017040831865 -0.0031849385 0.001507274 0.0017705796
252 -7.31517922e-05 4.98734653333333e-05 0.00171765984063333 -0.00424554243333333 0.00233888326666667 0.00174530883333333
254 -5.11203588666667e-05 8.25154328666667e-05 0.00126705367476667 -0.00787838656666667 0.00334925413333333 0.000976607633333333
256 -5.43395313e-05 1.2450415e-05 0.0012600404523 -0.0078144101 0.00604353 -0.0009011505
258 -1.22096386666667e-05 -4.28483788333333e-05 0.00113853471716667 -0.0064532426 0.00422581723333333 -0.0011313321
260 -1.98937252666667e-05 -2.43569285e-05 0.00104195667243333 -0.0043352416 0.00423500963333333 -0.000226623166666667
262 -0.0001371852869 2.30153530000001e-06 0.0010997926732 -0.0055017606 0.0055231963 0.0003962977
264 1.5389152e-05 2.98582540666667e-05 0.000375264906566667 -0.0086472747 0.00249979463333333 -0.00188778276666667
266 -8.90213566666667e-05 5.90805478e-05 0.000626186279766667 -0.0056497331 0.00495175716666667 -0.000417254233333333
268 -7.60631556e-05 0.000123735407 -5.6276914e-05 0.0012899123 0.0039466851 0.0047881737
270 -0.0001547313494 5.63585925333333e-05 -4.46465959333334e-05 -0.00872286873333333 0.0074786933 0.00111304713333333
272 -5.80675749333333e-05 6.63781742e-05 0.0001487502084 -0.00331945786666667 0.00659591116666667 -0.000822618066666667
274 4.4013125e-05 -4.03123565e-05 0.0002311687329 -0.0029129062 0.0049102064 -0.0002607314
276 -1.54276406666667e-06 -2.49163323666667e-05 0.000137355088266667 -0.0044091647 0.00566985843333333 4.93022666666667e-05
278 -4.16308866666667e-05 -7.75289556666666e-06 -4.2952202e-06 -0.00339478643333333 0.00609046096666667 0.00122392213333333
280 -0.0001283062429 -3.75486752e-05 0.0003842503713 0.0006596265 0.0067322901 0.0007901378
282 -0.000155784295233333 6.01779765e-05 0.000792689294833333 0.00435035106666667 0.00610236806666667 0.000128896866666667
284 -0.0001436255647 1.07957765666667e-05 0.0010024296989 0.0053741626 0.00479329673333333 -0.000171511133333333
286 -1.8962308e-05 -9.99960031e-05 0.000133364161 -0.0014903811 0.0027018174 -0.0009515089
288 -0.0001180799876 -6.41591842666667e-05 0.0004017422332 0.00106071066666667 0.0059811908 -3.00932666666667e-05
290 -0.000138506179666667 -4.30761826e-05 0.0007150901712 0.00278830666666667 0.00526278773333333 -0.0005442422
292 6.0033884e-06 -8.60182051e-05 0.0006644714977 -0.005700809 0.0051937116 -0.0029921794
294 4.72103492666667e-05 -8.72500609666667e-05 0.000675761197333333 -0.0103315965 0.00425796243333333 -0.00279176286666667
296 2.64120220666667e-05 -3.29348423666667e-05 0.0005947459916 -0.0073677007 0.00456856516666667 -0.00270784686666667
298 2.94616691e-05 -5.47469551e-05 0.0002281692591 -0.0063623931 0.0068425172 0.0001430276
300 1.44569106333333e-05 -1.12137186e-05 0.000369647331533333 -0.0057485782 0.0044155305 0.000631098533333333
302 8.47692045e-05 -5.45756606666667e-05 0.000201892676466667 -0.0116348477333333 0.00243101603333333 -4.62086e-05
304 3.77009732e-05 -1.64073113e-05 0.0002688747615 -0.005567673 0.0052103536 0.0012664111
306 3.03870419333333e-05 -6.07132449e-05 0.0004829366263 -0.00408483296666667 0.00221188266666667 0.00207386686666667
308 3.92908485333333e-05 -6.64302177e-05 0.00140022612703333 -0.00709008563333333 -7.21872666666666e-05 6.03848e-05
310 5.36641758e-05 -2.3369961e-05 0.0014920025356 -0.0031682916 -0.00207332 -0.0004031311
312 3.42957141333333e-05 -1.42694901666667e-05 0.00149134940983333 -0.00237067536666667 -0.001453952 -0.0004656249
314 1.32207546666667e-06 -8.03868376666667e-06 0.00125900428083333 -0.00240378003333333 -0.000105165066666667 -6.56207666666667e-05
