0 0 0 0 0 0 0
16 0 0 0 0 0 0
18 -0.000241215439366667 1.71704117666667e-05 -0.000113974366266667 0.0028736294 0.00460362693333333 0.00215988126666667
20 -0.000415969578566667 -5.29868118333333e-05 -0.000428038378666667 0.0061375912 0.00305799253333333 0.00581012053333333
22 -0.0004186638495 -0.0001305903394 -0.0003588453891 0.0065433544 0.0026246438 0.0057083153
24 -0.000411007602433333 -2.92970300666667e-05 -0.0004896166966 0.0056737174 0.0012116373 0.0056611082
26 -0.0004085446005 -7.81760707333333e-05 -0.000527079912933333 0.0042775742 0.0003245413 0.0057261138
28 -0.0004340348856 -2.33979157e-05 -0.0005858118126 0.0035247251 -0.0001104202 0.0060746276
30 -0.000505913090233333 -3.59440076e-05 -0.0005783451577 0.00387395903333333 0.00102777836666667 0.00660246036666667
32 -0.0004763000689 -0.000103878723866667 -0.000437033087166667 0.00471313723333333 0.0016149963 0.0062499577
34 -0.0004707034928 -0.000124007363 -0.0003991152232 0.0043359599 0.0022428117 0.0063793056
36 -0.000486257164433333 1.56006700000001e-06 -0.000376368345833333 0.00643263393333333 0.00163485266666667 0.00658155156666667
38 -0.000570498956633333 0.000126757879266667 -0.000242796108233333 0.0113293194666667 0.00387543026666667 0.00461171463333333
40 -0.0004981099762 5.94278933e-05 -7.4946934e-06 0.027778383 0.0012657929 0.0079188809
42 -0.000428131116033333 1.20505744e-05 -6.55802405999999e-05 0.0252642686 -0.00316311456666667 0.00729748796666667
44 -0.000390277706233333 1.82154806666667e-06 -0.000329498300133333 0.0190404428 -0.00438618003333333 0.0053135817
46 -0.0003851172657 6.69569188e-05 -0.000382920766 0.0185060258 -0.0036896673 0.0058703939
48 -0.0003945241008 -4.029047e-06 -0.000450972139266667 0.0148660016 -0.00286070133333333 0.00559653573333333
50 -0.000362816013666667 -4.31421474e-05 -0.000450396135333333 0.0129269233333333 -0.0028508372 0.00516753026666667
52 -0.0003937555338 -2.47898813e-05 -0.0004304387128 0.0135223139 -0.0028111237 0.0052773078
54 -0.000449951442233333 3.59044116e-05 -0.0004098608476 0.0144160755333333 -0.00219388136666667 0.00627152823333333
56 -0.000509673499833333 7.96971282e-05 -0.0003972111938 0.0160977453333333 -0.0030065251 0.0062102675
58 -0.0005582245301 0.0002199891104 -0.0002509080345 0.0198763632 -0.0025190281 0.0068052159
60 -0.000548213273833333 0.000293202525966667 -0.000214086736933333 0.026808002 -0.00288022053333333 0.0090178394
62 -0.000380914844633333 0.000135343265233333 -0.000254522096933333 0.0220750213333333 -0.00190374146666667 0.00659977626666667
64 -0.0002923172181 -1.2411332e-05 -0.0003464187121 0.0169065417 -0.0003545753 0.0034125283
66 -0.000285948620266667 -7.8665873e-06 -0.0003701069866 0.0136134936 0.000276613233333333 0.00378509486666667
68 -0.000300274985066667 -4.72627259e-05 -0.000375417328133333 0.012968958 0.000599344366666667 0.00355753586666667
70 0.0001803179548 0.0004425638499 -6.53471423999999e-05 0.0147652249 0.0016695526 0.0010082611
72 0.000153075254433333 0.000564417957166667 -0.0008330913254 0.0121524676 0.00384169106666667 0.00455052393333333
74 -9.91409251666667e-05 0.000178701166833333 -0.000750094058133333 0.0159588852666667 -0.000979724733333333 0.00446686306666667
76 -0.0001204289923 0.0001579695427 -0.0004270837091 0.018252037 -0.0017780308 0.0037904461
78 -0.0003879664349 0.0001639697215 -0.0003124179485 0.0172549304666667 5.18882e-05 0.0056001696
80 -0.000382100143166667 0.000153125736366667 -0.000404050833633333 0.0180413335333333 -0.0014245398 0.00544941533333333
82 -0.0003667589296 7.1130907e-05 -0.0003780098957 0.0172134447 -0.0008641322 0.0070622163
84 -0.000329736872433333 5.29501609333333e-05 -0.0004120949137 0.0160716521333333 -0.00156013826666667 0.00606202006666667
86 -0.000397878174433333 0.0001181276416 -0.000497772498366667 0.0158611159333333 -0.00244867533333333 0.00653893266666667
88 -0.000400635624 8.89811284e-05 -0.0005581707212 0.0154956452 -0.0022233048 0.0059525515
90 -0.0003845812151 0.000132339788866667 -0.000507609976233333 0.0161516063333333 -0.00148004773333333 0.00551584646666667
92 -0.0003936208409 0.000113982513733333 -0.000584717741966667 0.0154239864666667 -0.00265351813333333 0.00578584006666667
94 -0.0003507156053 8.95318048e-05 -0.0005250427771 0.0145125075 -0.0023389786 0.0061593288
96 -0.0003492920503 4.03005855333333e-05 -0.000671696142433333 0.0131191028333333 -0.00367943793333333 0.00618164596666667
98 -0.000375094558033333 2.41084348e-05 -0.000623445475433333 0.0126139313 -0.00265849373333333 0.00598307616666667
100 -0.0003683286427 1.93933811e-05 -0.0005956130193 0.0117052919 -0.0030326443 0.0059599962
102 -0.0003843347321 -2.37837384333333e-05 -0.000580401653766667 0.0111607204333333 -0.003098296 0.00566032186666667
104 -0.000380466215233333 5.48134563333333e-06 -0.000612101586233333 0.0103039042333333 -0.00381487006666667 0.00584277086666667
106 -0.0003992230609 3.46980400000007e-07 -0.0006082810169 0.0096654876 -0.0035337353 0.0064298557
108 -0.000439696715433333 -4.88145108e-05 -0.000684469952033333 0.00713913923333333 -0.0032070946 0.00625849036666667
110 -0.0004578831425 -6.75735266e-05 -0.000656808368766667 0.0059318859 -0.00325139486666667 0.00667352203333333
112 -0.0004461380998 -7.08436979e-05 -0.0006499640802 0.0061588524 -0.0038858468 0.0060599571
114 -0.000478829236266667 -0.0001060352016 -0.0006755310597 0.00490988046666667 -0.00337619293333333 0.0072580106
116 -0.0004900900888 -0.000105982636333333 -0.000624332087166667 0.0045320488 -0.00386888913333333 0.007443176
118 -0.0005066299398 -0.0001783398979 -0.0005749066531 0.0055356785 -0.0024962187 0.0078709662
120 -0.000513622671366667 -9.63662154e-05 -0.000580412998466667 0.00699673376666667 -0.00257953876666667 0.00639991863333333
122 -0.000528522574366667 -0.0001228181362 -0.000595342725933333 0.00616659643333333 -0.0023932621 0.00736119323333333
124 -0.0005289407935 -0.0001369197395 -0.0005999029709 0.0073487408 -0.0028252496 0.0073720143
126 -0.0005038693771 -0.000156605435166667 -0.0006033330181 0.00694832866666667 -0.00334382196666667 0.0076200426
128 -0.000532217477366667 -0.000153386857766667 -0.0006029921047 0.006058276 -0.00218630563333333 0.00779584406666667
130 -0.0005614735418 -4.9910531e-05 -0.0006695648717 0.0058326624 -0.0030174311 0.0075264382
132 -0.0005593092687 -0.0001181977381 -0.0006623397178 0.00638908626666667 -0.00266931126666667 0.0081819573
134 -0.0005339692439 -0.000171503275966667 -0.000618667129533333 0.00623940573333333 -0.00328866146666667 0.00883760716666667
136 -0.0005414348083 -0.0001794216327 -0.0006036472396 0.005384371 -0.0032013533 0.0077096844
138 -0.0005650670352 6.42976595e-05 -0.000613354085033333 0.0122220899333333 -0.00531539223333333 0.0076259404
140 -0.000479846437933333 -6.60663735e-05 -0.000821451568166667 0.0158076666 -0.0040136407 0.00835944593333333
142 -0.0003012252422 0.0002006566862 -0.0003997581949 0.0110467036 -0.0015286916 0.0021680423
144 -0.0005178133542 0.000368990377833333 -0.000327017937166667 0.0119750940666667 0.0016646754 0.0044842505
146 -0.000611109611466667 8.69799788333333e-05 -0.0002923809605 0.0172681704666667 0.0001864192 0.00720832703333333
148 -0.0005874746528 6.84263133e-05 -0.0004392856968 0.0158929312 -0.0006925796 0.0067499603
150 -0.0006231923855 6.45264212333333e-05 -0.0005084082703 0.0149461101333333 -0.000639449333333333 0.0073468729
152 -0.000694230912833333 5.11572954333333e-05 -0.000628173243966667 0.0146974486 -0.00110559973333333 0.00806463143333333
154 -0.0007109069732 5.36823479e-05 -0.0006465293974 0.014948186 -0.0023806828 0.0081870877
156 -0.0007806326383 4.43317399333333e-05 -0.0006989928906 0.0126844596333333 -0.000822407466666667 0.00815599476666667
158 -0.000795667474233333 7.09426479333333e-05 -0.000779335957933333 0.0136961229 -0.00205116293333333 0.0080463861
160 -0.0007392094981 4.61408984e-05 -0.0007902173629 0.0135479679 -0.001184465 0.007948481
162 -0.0007018978704 -6.77447503333333e-06 -0.000813627053566667 0.0117350117666667 -0.00185622186666667 0.00736374983333333
164 -0.0007022875888 1.61655035e-05 -0.000819550999633333 0.0112153415666667 -0.00377662226666667 0.0072864147
166 -0.0007790922928 2.5856004e-06 -0.0008256594845 0.0110126852 -0.0030992959 0.0074102855
168 -0.000746448193166667 2.33373643333333e-05 -0.0008099157397 0.011706452 -0.00367771063333333 0.00811946546666667
170 -0.000738189146566667 5.04924612666667e-05 -0.000865856012566667 0.00962165233333333 -0.0032289481 0.00822637293333333
172 -0.0007454342623 -5.7373138e-06 -0.0008687299963 0.0095061729 -0.002920938 0.0080492707
174 -0.0005788727393 -9.42792557333333e-05 -0.000726814663133333 0.00673700863333333 -0.0019130092 0.00679887653333333
176 0.0001474720273 8.6065449333333e-06 -0.000944505184 0.000312729966666667 -0.0037694128 0.00100145946666667
178 0.0002094672968 -0.000104331178 -0.0007559977581 -0.0010751916 -0.0029548586 -0.0007252704
180 -0.000118941170133333 -0.0001005530346 -0.0008486916983 0.0045838508 -0.00456627613333333 0.00421245216666667
182 -0.0001616386024 -0.000148606340133333 -0.000792223988366667 0.0054075784 -0.006296071 0.0053221481
184 -0.0002365498188 -0.0001771963395 -0.0007478349796 0.0045038308 -0.0073340952 0.0061095949
186 -0.000269225365966667 -0.0002256348651 -0.000772475379433333 0.00230705936666667 -0.00590943343333333 0.0077792826
188 -0.0002962814597 -0.000230270660233333 -0.000734711354766667 0.0019755065 -0.00570801743333333 0.00767557933333333
190 -0.000237543667 -0.0001847989484 -0.0007567953299 0.0028443145 -0.0049845489 0.0066222316
192 -0.000214503533466667 -0.000166353267933333 -0.000854941667566667 0.0016515225 -0.0063897705 0.0066943404
194 -0.000210882756933333 -0.000222881449866667 -0.000867150254433333 0.00106386303333333 -0.00678977263333333 0.00631165853333333
196 -0.0002409984492 -0.0002488844133 -0.0008810908637 0.0009670684 -0.0075769191 0.007523579
198 -0.000256653744766667 -0.000274072085133333 -0.000827225203066667 1.48228e-05 -0.0075225829 0.00853033323333333
200 -0.000307566908766667 -0.000302650651 -0.000824166905733333 -0.000819021333333333 -0.00744783103333333 0.00824408443333333
202 -0.0003446819495 -0.0003098723854 -0.0007989150378 0.0003761919 -0.0067120922 0.009462533
204 -0.0003270039731 -0.000316173998133333 -0.0008418930992 -0.00252387003333333 -0.00696318776666667 0.00956874843333333
206 -0.0002792946641 -0.000325106430266667 -0.000813795254266667 -0.00182899576666667 -0.00730455836666667 0.0091696125
208 -0.0002755377078 -0.0003497257305 -0.0008044859745 -0.00245581 -0.0073669748 0.0093159552
210 -0.000286543026433333 -0.0003607873794 -0.0007987783398 -0.0015832494 -0.00731603726666667 0.00910230876666667
212 -0.0003115099219 -0.000345025068466667 -0.000804500580733333 -0.000928590866666667 -0.0071189904 0.00913473556666667
214 -0.0003392672143 -0.0003310047769 -0.0008850930929 -0.0001365428 -0.0071575377 0.0096738782
216 -0.0003530299999 -0.0003306190912 -0.000824533436733333 -0.000942888 -0.00683161993333333 0.00923739263333333
218 -0.000349277956433333 -0.000283819450266667 -0.000886462921733333 -0.0004748816 -0.0071751886 0.00926951323333333
220 -0.0003772856479 -0.0003336238653 -0.000888116381 -0.0010199542 -0.0063245407 0.0091605694
222 -0.000372189422033333 -0.0003105445364 -0.000857741085766667 0.0003452327 -0.00617175773333333 0.00905421786666667
224 -0.000342818654366667 -0.000310347821333333 -0.0008724587677 0.000127110033333333 -0.00626148933333333 0.00917580993333333
226 -0.0003333935315 -0.0003019525329 -0.000911786087 -0.0010615319 -0.0065975594 0.0087272333
228 -0.000310954730466667 -0.000322955132133333 -0.0008101900275 -0.0008002021 -0.0066526527 0.0088258785
230 -0.000307340542 -0.0002951799568 -0.000840278136633333 -0.00171219443333333 -0.0071032981 0.00881811383333333
232 -0.0003478404895 -0.0002195052131 -0.0008923309183 -0.0011251941 -0.0073541445 0.0085206905
234 -0.000382143555333333 -0.0002429759379 -0.000611156470366667 0.00333306526666667 -0.0023326316 0.00903006436666667
236 -0.000414307761533333 -0.0001698784025 -0.000575289239033333 0.00402949373333333 -0.00212862026666667 0.0073087327
238 -0.0003971969303 -0.0002385996445 -0.0007252002166 0.0024927621 -0.0030089339 0.0090700867
240 -0.000355053440066667 -0.000282870465133333 -0.000744883549 0.00206636533333333 -0.00474706656666667 0.00903662723333333
242 -0.000381772464 -0.000307215367666667 -0.0007829128496 0.0003299208 -0.00417031643333333 0.00949247563333333
244 -0.0003674535022 -0.0003388545968 -0.0008350857244 -0.0002920973 -0.0051726122 0.0097353193
246 -0.000374668832166667 -0.0003342530773 -0.000878623548666667 -0.0016638496 -0.00514647966666667 0.0099448986
248 -0.000394275636966667 -0.0003458487209 -0.000887340685933333 -0.0020344474 -0.00552660693333333 0.0100644024666667
250 -0.0003803905328 -0.0003379988679 -0.0008394325525 -0.0022591116 -0.0056124258 0.0096730184
252 -0.000381427623633333 -0.0003308895702 -0.000890410488333333 -0.00229069466666667 -0.00664674126666667 0.0101627436
254 -0.0003830745167 -0.000334755741333333 -0.000863685727533333 -0.0022688642 -0.00606162066666667 0.0100767108
256 -0.0003616640282 -0.000339257082 -0.0008251693185 -0.0025732008 -0.0071529936 0.0096176075
258 -0.0003799620666 -0.0003690887194 -0.000842436804266667 -0.00297539586666667 -0.00723602083333333 0.00941028013333333
260 -0.000396383316333333 -0.000390551542533333 -0.000836409814266667 -0.00376199926666667 -0.00692226376666667 0.0100487192666667
262 -0.0004073346718 -0.000374897836 -0.0007578093017 -0.0038065542 -0.0068536152 0.0098434395
264 -0.000363175844433333 -0.000409670969666667 -0.000781466409033333 -0.00279751113333333 -0.00749542646666667 0.0102882737
266 -0.000369174943433333 -0.000388260904933333 -0.000725771460166667 -0.00347725966666667 -0.007174271 0.00973579256666667
268 -0.0003462570329 -0.0004552256267 -0.0006941787419 -0.0029778447 -0.0066582261 0.010883258
270 -0.000419995079666667 -0.0004507990258 -0.000679114036066667 -0.00383339333333333 -0.0061766501 0.0108979393
272 -0.0004033675062 -0.0004174664896 -0.000650737897733333 -0.004446968 -0.0063404217 0.0105862968333333
274 -0.0004067113301 -0.0004469435259 -0.0005990690299 -0.0054782847 -0.0066853235 0.0103381822
276 -0.000424929989866667 -0.000450814675 -0.000693021482166667 -0.00362682313333333 -0.00599228003333333 0.0109849456333333
278 -0.000432630323533333 -0.000510070441466667 -0.0006619641595 -0.00489221486666667 -0.00608059876666667 0.0110890105
280 -0.0004315218986 -0.0004614110641 -0.0006600250408 -0.0046338046 -0.0060807326 0.0104804352
282 -0.000473537000633333 -0.000436086765866667 -0.0006544574195 -0.0040303406 -0.0060194613 0.0110440740333333
284 -0.0004771475181 -0.000486689421733333 -0.0007024219965 -0.00471244906666667 -0.00579015203333333 0.0114997167
286 -0.0004503928532 -0.000442991318 -0.0006977372233 -0.0052007214 -0.0067748727 0.0104333218
288 -0.000446305526 -0.000447616653133333 -0.000708880137866667 -0.0062582423 -0.0071967165 0.0100978671
290 -0.000439811631466667 -0.000485515729133333 -0.0006847524596 -0.00567994063333333 -0.00670783716666667 0.0106486207666667
292 -0.0004887664929 -0.000497838148 -0.0005826008745 -0.0056128413 -0.0053797833 0.0113979425
294 -0.0004939858668 -0.0004794082937 -0.0006386074253 -0.00591849423333333 -0.00693738283333333 0.0112052447
296 -0.000459023361 -0.000478554054766667 -0.0006729642581 -0.0057174527 -0.0073661913 0.0109592188333333
298 -0.0004205628704 -0.0003679080225 -0.0007185362983 -0.0047250749 -0.0072082588 0.0105296155
300 -0.000452084671833333 -0.000471261472866667 -0.000765904036366667 -0.00468486376666667 -0.00706276753333333 0.0103832929
302 -0.0004669100521 -0.000414708503 -0.000702851244033333 -0.0034339659 -0.00626149313333333 0.0105838411
304 -0.00044925475 -0.000451307125 -0.0007324434625 -0.0029376714 -0.0065741132 0.0107119766
306 -0.000493916406233333 -0.000463738122733333 -0.000690893970733333 -0.0035357576 -0.005709335 0.0110654690666667
308 -0.0004414129841 -0.0004366026936 -0.000705009113133333 -0.0038792176 -0.00651043813333333 0.0109925170666667
310 -0.0004695416956 -0.000488399098 -0.000652083042 -0.0048251569 -0.0065780486 0.0118913231
312 -0.000447860055833333 -0.000509910514033333 -0.000654884549033333 -0.0047280715 -0.00686034203333333 0.0119917984666667
314 -0.000449122312833333 -0.000488556218166667 -0.000631188492966667 -0.00646871576666667 -0.0076838413 0.0107347128
