0 0 0 0 0 0 0
16 0 0 0 0 0 0
17.5 1.42e-05 1.21e-05 -2.62e-05 -0.00011693705988362 4.88692190558412e-05 0.000130899693899575
19 4.1e-06 6.26e-05 2.69e-05 -0.000394444410950718 0.000190240888467382 0.000130899693899575
20.5 4.2e-06 1.89e-05 2.23e-05 -2.96705972839036e-05 2.79252680319093e-05 0.000155334303427495
22 7.9e-06 -3.99999999999996e-07 2.2e-06 0.000263544717051144 8.37758040957278e-05 4.53785605518526e-05
23.5 1.26e-05 4.04e-05 2.17e-05 -1.39626340159547e-05 0.000183259571459405 0.000120427718387609
25 1.49e-05 3.77e-05 4.17e-05 -0.000247836753783195 0.000223402144255274 0.000256563400043166
26.5 1.53e-05 2.04e-05 -3.1e-06 -0.000225147473507269 5.58505360638185e-05 0.000155334303427495
28 1.13e-05 3.94e-05 1.37e-05 -7.33038285837619e-05 0.000263544717051144 0.000165806278939461
29.5 2.1e-06 2.98e-05 2.27e-05 -0.000106465084371654 0.00027401669256311 6.63225115757845e-05
31 4.4e-06 9.90000000000001e-06 -4.6e-06 -0.000108210413623648 6.45771823237902e-05 3.66519142918809e-05
32.5 1e-06 4.53e-05 5.61e-05 -0.0003385938748869 0.000226892802759263 0.000153588974175501
34 6.3e-06 5.1e-06 -3.4e-06 2.44346095279206e-05 0.000185004900711399 4.88692190558412e-05
35.5 1.7e-06 8.8e-06 2.34e-05 -3.49065850398868e-06 0.000122173047639603 7.50491578357561e-05
37 1.24e-05 -1.45e-05 -3.55e-05 0.000195476876223365 -9.94837673636768e-05 6.98131700797732e-05
38.5 1.6e-05 -7.59999999999999e-06 -1.57e-05 0.000324631240870945 0.000165806278939461 5.93411945678072e-05
40 7.7e-06 8e-06 1.38e-05 0.00022165681500328 3.66519142918809e-05 6.98131700797732e-05
41.5 1.42e-05 -1.42e-05 -4.81e-05 0.000319395253114962 -0.000132645023151569 0.000179768912955416
43 -5.99999999999999e-07 1.13e-05 -7.2e-06 0.000375245789178781 0.000123918376891597 0.000108210413623648
44.5 -3e-06 -1.5e-05 -1.77e-05 0.000551524043630208 -5.23598775598299e-05 -6.10865238198015e-05
46 -3.1e-06 -1.54e-05 -9.9e-06 0.000516617458590322 -7.85398163397449e-05 -6.28318530717959e-05
47.5 -2.07e-05 6.50000000000001e-06 1.57e-05 0.000260054058547155 -0.000151843644923507 5.58505360638185e-05
49 -5e-06 -2.74e-05 -4.1e-05 0.000617846555205993 -6.98131700797732e-05 -3.14159265358979e-05
50.5 -4.7e-06 1.62e-05 1.48e-05 0.000275762021815104 5.58505360638185e-05 -9.42477796076938e-05
52 -3.9e-06 -2.07e-05 -1.52e-05 0.000354301838154849 -1.74532925199433e-05 -8.37758040957278e-05
53.5 -1.06e-05 -5.4e-06 -2.4e-06 0.000301941960595019 3.66519142918809e-05 -0.000301941960595019
55 -1.06e-05 -3.9e-06 5.2e-06 0.000389208423194736 -8.37758040957278e-05 -0.000275762021815104
56.5 2.00000000000001e-07 -3.59e-05 -4.89e-05 0.000682423737529783 -0.000207694180987325 -0.000153588974175501
58 -7.7e-06 1.82e-05 6.9e-06 0.000294960643587042 0.000144862327915529 -0.000193731546971371
59.5 -4.2e-06 -2.39e-05 2.4e-06 0.000666715774261834 -1.91986217719376e-05 -0.000127409035395586
61 -9.9999999999999e-08 -2.35e-05 5.9e-06 0.000792379480405426 -0.000148352986419518 3.49065850398865e-06
62.5 -5.7e-06 1.71e-05 4.02e-05 0.00053232542185827 -2.96705972839036e-05 5.23598775598299e-06
64 -4.7e-06 -1.49e-05 6.7e-06 0.000736528944341607 0.000108210413623648 9.94837673636768e-05
65.5 4e-06 -1.33e-05 -1.4e-06 0.000829031394697307 -5.75958653158129e-05 0.000160570291183478
67 -3e-06 2.49e-05 3.9e-05 0.000534070751110265 2.61799387799149e-05 9.42477796076938e-05
68.5 -6.8e-06 -3.8e-06 4.29e-05 0.000605629250442032 -8.72664625997167e-06 2.44346095279206e-05
70 4e-07 -3.84e-05 -6e-06 0.000762708883121522 -0.000109955742875643 3.49065850398866e-05
71.5 -4.6e-06 9.00000000000008e-07 2.45e-05 0.000581194640914112 0.000122173047639603 7.67944870877505e-05
73 -2.8e-06 -5.29999999999999e-06 2.89e-05 0.000464257581030492 2.96705972839036e-05 -6.98131700797732e-05
74.5 -7.7e-06 8.5e-06 4.25e-05 0.000378736447682769 0.000146607657167524 -2.79252680319093e-05
76 -1.02e-05 4.1e-06 4.96e-05 0.000378736447682769 7.15584993317675e-05 -7.50491578357562e-05
77.5 -5.3e-06 -2.49e-05 -1.99999999999998e-07 0.000727802298081635 -2.0943951023932e-05 -3.66519142918809e-05
79 -1.84e-05 1.45e-05 4.74e-05 0.000232128790515246 0.000132645023151569 2.61799387799149e-05
80.5 -9e-06 -9.9e-06 -4.3e-06 0.000359537825910832 -8.72664625997167e-06 -6.10865238198015e-05
82 -1.69e-05 1.06e-05 3.44e-05 0.000404916386462684 0.000195476876223365 -5.75958653158129e-05
83.5 -1.36e-05 7.00000000000003e-07 1.3e-05 0.000373500459926787 0.000251327412287183 -0.000134390352403563
85 -8.4e-06 -1.1e-06 3.3e-06 0.00052010811709431 0.000228638132011257 -0.000202458193231342
86.5 -1.53e-05 2.08e-05 1.81e-05 0.00044331363000656 0.000305432619099008 -6.10865238198015e-05
88 4.4e-06 -2.8e-06 -1.23e-05 0.000490437519810407 0.000272271363311115 -1.91986217719376e-05
89.5 -3.9e-06 2.13e-05 2.61e-05 0.000453785605518526 0.000186750229963393 -0.000137881010907552
91 -1.17e-05 -3.8e-06 -8e-06 0.000593411945678072 0.000260054058547155 -0.000172787595947439
92.5 -1.67e-05 2.05e-05 2.93e-05 0.000406661715714679 0.000294960643587042 -0.000205948851735331
94 -8e-06 -1.1e-06 -3.8e-06 0.000438077642250577 0.000516617458590322 -0.000193731546971371
95.5 -7.2e-06 -4.99999999999999e-07 2.85e-05 0.000356047167406843 0.000439822971502571 -0.000370009801422798
97 -6.99999999999999e-07 -1.1e-05 -5.8e-06 0.000588175957922089 0.000242600766027212 -0.000267035375555132
98.5 -6.6e-06 4.3e-06 3.05e-05 0.000380481776934764 0.00040317105721069 -0.000144862327915529
100 -9e-07 -1.41e-05 -1.53e-05 0.000555014702134197 0.000167551608191456 -0.000174532925199433
101.5 -3.5e-06 2e-06 2.11e-05 0.000354301838154849 0.000256563400043166 -0.000218166156499291
103 1.1e-06 -1.98e-05 -1.86e-05 0.000493928178314395 0.000122173047639603 -0.00029845130209103
104.5 -4.3e-06 1.2e-06 2.16e-05 0.000394444410950718 0.000191986217719376 -0.000256563400043166
106 -7.5e-06 3.60000000000001e-06 8.5e-06 0.000335103216382911 0.000294960643587042 -0.000183259571459405
107.5 -1.46e-05 9.00000000000008e-07 3.14e-05 0.000499164166070378 0.000136135681655558 -0.000270526034059121
109 -2.03e-05 1.81e-05 3.84e-05 0.000383972435438752 0.000256563400043166 -0.000308923277602996
110.5 -1.71e-05 -1.99999999999991e-07 9.7e-06 0.000411897703470662 0.000204203522483337 -0.000333357887130917
112 -2.12e-05 2.62e-05 4.11e-05 0.000212930168743308 0.000249582083035189 -0.000417133691226645
113.5 -6.6e-06 -1.78e-05 -2.17e-05 0.00053232542185827 0.000254818070791172 -0.000268780704807127
115 -1.34e-05 1.7e-06 1.19e-05 0.000497418836818384 0.000148352986419518 -0.000225147473507269
116.5 -1.74e-05 9.2e-06 1.78e-05 0.000431096325242599 0.0002460914245312 -0.000293215314335047
118 -3.7e-06 -2.57e-05 -9.8e-06 0.000769690200129499 7.33038285837618e-05 -0.00035081117965086
119.5 -8.2e-06 1.45e-05 2.41e-05 0.000389208423194736 1.0471975511966e-05 -0.000335103216382911
121 -1.4e-06 -1.81e-05 -2.57e-05 0.00061261056745001 0.000242600766027212 -0.000289724655831059
122.5 2.8e-06 -3.31e-05 -3.12e-05 0.000973893722612836 -0.000164060949687467 -0.000225147473507269
124 -1.14e-05 4.9e-06 1.94e-05 0.000631809189221947 -6.45771823237902e-05 -0.00037873644768277
125.5 -3.9e-06 -3.31e-05 -2.21e-05 0.000692895713041749 -3.49065850398866e-05 -0.000497418836818384
127 -9.2e-06 -2.35e-05 -6.8e-06 0.000579449311662117 -0.000214675497995302 -0.000453785605518526
128.5 -1.75e-05 -1.64e-05 -1.4e-06 0.000305432619099008 -7.85398163397449e-05 -0.000370009801422798
130 -1.52e-05 -6.1e-06 -1.84e-05 0.000174532925199433 1.0471975511966e-05 -0.000394444410950718
131.5 -1.58e-05 2.3e-06 -1.29e-05 0.000267035375555133 7.50491578357562e-05 -0.000413643032722656
133 -1.75e-05 -6.2e-06 -1.53e-05 0.000399680398706701 6.28318530717959e-05 -0.0005846852994181
134.5 -2.8e-05 1.13e-05 1.22e-05 0.000207694180987325 -5.23598775598299e-05 -0.000544542726622231
136 -2.59e-05 4.80000000000001e-06 2.8e-06 0.000417133691226645 0.000279252680319093 -0.00044331363000656
137.5 -2.33e-05 1.5e-06 1.18e-05 0.000345575191894877 0.000136135681655558 -0.000521853446346305
139 -2.06e-05 -5.09999999999999e-06 -5.6e-06 0.000432841654494594 0.000191986217719376 -0.000555014702134197
140.5 -3.1e-05 1.27e-05 2.06e-05 0.00020943951023932 0.000239110107523223 -0.000542797397370237
142 -3.04e-05 1.40000000000001e-06 -9.9e-06 0.000364773813666815 -4.18879020478639e-05 -0.000567232006898157
143.5 -3.25e-05 3.1e-05 3.14e-05 0.000357792496658838 0 -0.000659734457253857
145 -2.23e-05 -1.81e-05 -2.01e-05 0.000593411945678072 -1.91986217719376e-05 -0.000663225115757845
146.5 -2.99e-05 8e-06 7.4e-06 0.000373500459926787 -6.28318530717959e-05 -0.000549778714378214
148 -3e-05 1.85e-05 1.53e-05 0.000267035375555133 -1.22173047639603e-05 -0.000474729556542458
149.5 -2.08e-05 -7.99999999999992e-07 3.00000000000001e-07 0.000488692190558412 -5.75958653158129e-05 -0.000596902604182061
151 -2.99e-05 2.74e-05 2.32e-05 0.000312413936106985 1.39626340159546e-05 -0.000567232006898157
152.5 -2.63e-05 9.2e-06 -1.15e-05 0.000422369678982628 -6.98131700797732e-05 -0.000521853446346305
154 -3.19e-05 3.17e-05 3.33e-05 0.000205948851735331 -0.000143116998663535 -0.000609119908946021
155.5 -2.37e-05 5.8e-06 -1.53e-05 0.000513126800086333 -9.59931088596881e-05 -0.000591666616426078
157 -3.07e-05 2.42e-05 2.13e-05 0.000364773813666815 -4.18879020478639e-05 -0.00068940505453776
158.5 -2.62e-05 1.06e-05 -2.64e-05 0.000424115008234622 -0.000275762021815104 -0.0005846852994181
160 -2.88e-05 1.39e-05 -9.09999999999999e-06 0.000333357887130917 -0.00012915436464758 -0.000626573201465964
161.5 -2.53e-05 4.80000000000001e-06 -2.84e-05 0.000261799387799149 -0.000333357887130917 -0.000698131700797732
163 -1.57e-05 -1.97e-05 -5.03e-05 0.000497418836818384 -0.000342084533390889 -0.000387463093942741
164.5 -2.27e-05 1.11e-05 -2.8e-06 0.000343829862642883 -0.000406661715714679 -0.000457276264022514
166 -1.86e-05 -1.87e-05 -4.28e-05 0.0005846852994181 -0.000376991118430775 -0.000431096325242599
167.5 -1.91e-05 -1.54e-05 -3.09e-05 0.000614355896702004 -0.000204203522483337 -0.000432841654494594
169 -2.11e-05 2.09e-05 7.1e-06 0.000261799387799149 -0.000242600766027212 -0.00056025068989018
170.5 -1.23e-05 -2.34e-05 -4.24e-05 0.000551524043630208 -0.000275762021815104 -0.0003385938748869
172 -1.16e-05 -2.56e-05 -3e-05 0.000549778714378214 -0.000382227106186758 -0.000479965544298441
173.5 -1.98e-05 -1.27e-05 -1.36e-05 0.000322885911618951 -0.000333357887130917 -0.000537561409614254
175 -5.8e-06 -3.85e-05 -7.13e-05 0.000586430628670095 -0.000307177948351002 -0.000434586983746588
176.5 -1.51e-05 -3.8e-06 -2.12e-05 0.000617846555205993 -0.000144862327915529 -0.000539306738866248
178 -1.93e-05 -1.04e-05 -1.33e-05 0.000673697091269811 -0.000265290046303138 -0.000450294947014537
179.5 -1.71e-05 3.2e-06 -1.09e-05 0.000385717764690747 -0.000277507351067098 -0.00040317105721069
181 -2.09e-05 1.1e-06 -4.1e-06 0.000387463093942741 -0.000205948851735331 -0.000546288055874225
182.5 -1.6e-05 -2.3e-05 -3.83e-05 0.000469493568786475 -5.75958653158129e-05 -0.000595157274930066
184 -2.41e-05 -1.69e-05 -1.4e-05 0.000452040276266531 -0.000174532925199433 -0.000574213323906134
185.5 -2.28e-05 -8.8e-06 -2.22e-05 0.000553269372882202 -1.22173047639603e-05 -0.000630063859969953
187 -1.77e-05 6.3e-06 -4.00000000000003e-07 0.000486946861306418 -0.000167551608191456 -0.000506145483078356
188.5 -1.57e-05 1.62e-05 -1.26e-05 0.000691150383789755 -0.000260054058547155 -0.000607374579694027
190 -2.54e-05 2.52e-05 -1.2e-06 0.000408407044966673 -0.00012915436464758 -0.000518362787842316
191.5 -2.43e-05 3.8e-06 -1.6e-05 0.000710349005561692 -0.000204203522483337 -0.000558505360638185
193 -2.21e-05 2.06e-05 1.17e-05 0.000670206432765823 -4.53785605518526e-05 -0.000541052068118242
194.5 -1.93e-05 1.34e-05 1.34e-05 0.000595157274930066 0.000139626340159546 -0.000567232006898157
196 -1.75e-05 2.96e-05 4.14e-05 0.000506145483078355 -0.000165806278939461 -0.000446804288510548
197.5 -1.14e-05 1.87e-05 2.4e-06 0.000668461103513828 -0.000171042266695444 -0.000333357887130917
199 -1.84e-05 4.02e-05 3.69e-05 0.000373500459926787 8.55211333477221e-05 -0.000474729556542458
200.5 -1.3e-05 1.06e-05 -2.29e-05 0.000638790506229925 -6.10865238198015e-05 -0.000431096325242599
202 -1.58e-05 3.58e-05 1.67e-05 0.000452040276266531 0.000108210413623648 -0.00044331363000656
203.5 -1.44e-05 2.52e-05 -4.3e-06 0.000478220215046446 -0.000265290046303138 -0.000387463093942741
205 -1.33e-05 2.69e-05 2.43e-05 0.000476474885794452 -4.36332312998583e-05 -0.000364773813666815
206.5 -1.14e-05 2.14e-05 5.1e-06 0.00045553093477052 -0.000122173047639603 -0.00037873644768277
208 -9.3e-06 2.17e-05 2.9e-06 0.000546288055874225 -4.01425727958696e-05 -0.000380481776934764
209.5 -5.7e-06 1.96e-05 4.7e-06 0.000528834763354282 -0.000102974425867665 -0.000333357887130917
211 2.4e-06 6.00000000000001e-07 -3.45e-05 0.000696386371545738 -2.26892802759263e-05 -0.00028623399732707
212.5 -2.9e-06 3.76e-05 8.5e-06 0.000534070751110265 0.000172787595947439 -0.000417133691226645
214 -3.4e-06 1.44e-05 -2.31e-05 0.000598647933434055 0.000143116998663535 -0.000305432619099008
215.5 -4.2e-06 3.64e-05 5.03e-05 0.000383972435438752 0.00020943951023932 -0.000397935069454707
217 1e-06 4.91e-05 8.5e-05 -0.000102974425867665 0.000226892802759263 -0.000383972435438752
218.5 9e-07 -1.3e-05 -1.99e-05 0.000396189740202713 1.74532925199431e-06 -0.000472984227290463
220 3e-06 2.80000000000001e-06 -4.07e-05 0.000366519142918809 2.79252680319093e-05 -0.000331612557878923
221.5 2.4e-06 8.90000000000001e-06 -3.82e-05 0.000411897703470662 -0.000247836753783195 -0.000263544717051144
223 6e-06 -1.3e-05 -7.09e-05 0.000706858347057704 1.74532925199433e-05 -0.000364773813666815
224.5 7.2e-06 2.2e-06 -3.24e-05 0.000600393262686049 -5.41052068118242e-05 -0.000385717764690747
226 5.00000000000001e-07 1.75e-05 4.4e-06 0.000300196631343025 -0.000225147473507269 -0.000244346095279206
227.5 3.3e-06 -1.23e-05 -3.38e-05 0.000385717764690747 0.000148352986419518 -0.000392699081698724
229 3.3e-06 1.09e-05 4.27e-05 0.000212930168743308 0.000183259571459405 -0.000490437519810407
230.5 4.9e-06 -2.44e-05 -1.94e-05 0.000380481776934764 0.000160570291183478 -0.000364773813666815
232 3.6e-06 -2.21e-05 -7.5e-06 0.000376991118430775 -9.94837673636768e-05 -0.00035081117965086
233.5 2.7e-06 -1.59999999999998e-06 1.51e-05 0.000260054058547155 7.15584993317675e-05 -0.00027401669256311
235 6.2e-06 -2.03e-05 -3.7e-05 0.000486946861306418 3.83972435438752e-05 -0.000408407044966673
236.5 3.4e-06 -1.89999999999999e-06 -4.5e-06 0.000314159265358979 7.50491578357562e-05 -0.000315904594610974
238 1.32e-05 -4.37e-05 -9.39e-05 0.000923279174305 0.000158824961931484 -0.000223402144255274
239.5 1.29e-05 -2.51e-05 -6.06e-05 0.000823795406941324 0.00022165681500328 -0.000235619449019235
241 1.06e-05 -2.1e-05 -3.69e-05 0.000747000919853573 0.000464257581030492 -0.000230383461263252
242.5 7.6e-06 -2.36e-05 -3.77e-05 0.000830776723949301 0.000565486677646163 -0.00012915436464758
244 8.1e-06 4.1e-06 2.17e-05 0.00052010811709431 0.000574213323906134 -0.000228638132011257
245.5 2.02e-05 -4.37e-05 -6.76e-05 0.00110304808726042 0.000614355896702004 -0.000258308729295161
247 1.87e-05 -1.19e-05 -2.67e-05 0.000621337213709981 0.000546288055874225 -0.000308923277602996
248.5 2e-05 -5.24e-05 -4.86e-05 0.000842994028713261 0.000401425727958696 -0.000422369678982628
250 2.56e-05 -5.66e-05 -6.1e-05 0.000823795406941324 0.000453785605518526 -0.000424115008234622
251.5 2.07e-05 -3.37e-05 -4.16e-05 0.000659734457253857 0.000469493568786475 -0.000523598775598299
253 1.82e-05 -5.86e-05 -7.87e-05 0.000869173967493176 0.000366519142918809 -0.000432841654494594
254.5 1.09e-05 2.02e-05 -1.6e-06 0.000500909495322373 0.000651007810993885 -0.00032637657012294
256 1.37e-05 2e-06 -5.14e-05 0.000874409955249159 0.000413643032722656 -0.000310668606854991
257.5 1.26e-05 1.5e-06 -3.9e-05 0.000916297857297023 0.000579449311662117 -0.000202458193231342
259 1e-05 1.76e-05 -1.06e-05 0.00083426738245329 0.000499164166070378 -0.000151843644923507
260.5 1.19e-05 1.02e-05 -3.7e-06 0.00104370689269261 0.000354301838154849 -7.67944870877505e-05
262 1.09e-05 2.57e-05 2.13e-05 0.00101229096615671 0.000408407044966673 -0.000174532925199433
263.5 1.35e-05 9.7e-06 -3.28e-05 0.000944223125328932 0.000331612557878923 -4.88692190558413e-05
265 1.34e-05 2.24e-05 -1.77e-05 0.000748746249105568 0.000523598775598299 6.63225115757845e-05
266.5 8.2e-06 3.54e-05 1.38e-05 0.000387463093942741 0.00062482787221397 -0.000127409035395586
268 1.07e-05 -1.48e-05 -3.69e-05 0.000635299847725936 0.000656243798749868 -0.000143116998663535
269.5 1.8e-06 2.1e-06 -7.99999999999999e-07 0.000460766922526503 0.000534070751110265 -0.000303687289847013
271 7.7e-06 -1.17e-05 -4.13e-05 0.000577703982410123 0.00039095375244673 -0.000200712863979348
272.5 -3.6e-06 1.08e-05 2.7e-06 0.00040317105721069 0.000748746249105567 -0.00011693705988362
274 5.5e-06 -4.99999999999999e-07 -4.99e-05 0.000671951762017817 0.000530580092606276 -0.000202458193231342
275.5 4.9e-06 1.86e-05 -6.8e-06 0.000568977336150151 0.000588175957922089 -0.000139626340159546
277 2.4e-06 8.30000000000001e-06 -1.78e-05 0.000408407044966673 0.000804596785169386 -3.49065850398866e-05
278.5 3.5e-06 6.8e-06 -8.9e-06 0.00046774823953448 0.000638790506229925 -2.26892802759263e-05
280 2.8e-06 2.04e-05 -6.89999999999999e-06 0.00061261056745001 0.000691150383789755 -6.10865238198015e-05
281.5 1.03e-05 9.5e-06 -1.86e-05 0.000734783615089613 0.000715584993317675 -0.000127409035395586
283 1.34e-05 3.2e-05 1.78e-05 0.000546288055874225 0.000720820981073658 -1.0471975511966e-05
284.5 1.78e-05 8.90000000000001e-06 -2.11e-05 0.000844739357965255 0.00075398223686155 -5.23598775598299e-06
286 1.06e-05 3.12e-05 2.14e-05 0.000588175957922089 0.00062482787221397 -9.94837673636768e-05
287.5 1.42e-05 3.8e-06 -1.91e-05 0.000877900613753148 0.000645771823237902 -3.49065850398868e-06
289 6.9e-06 1.52e-05 1.39e-05 0.000722566310325653 0.000633554518473942 -0.000151843644923507
290.5 5.3e-06 -6.00000000000001e-07 -2.74e-05 0.000771435529381494 0.000647517152489896 -0.000223402144255274
292 1.2e-06 2.5e-05 2.14e-05 0.000541052068118242 0.000790634151153431 -0.000158824961931484
293.5 6.3e-06 6.70000000000001e-06 -1.15e-05 0.000719075651821664 0.000680678408277788 -0.000137881010907552
295 3.4e-06 1.01e-05 -1.2e-06 0.000752236907609556 0.00075398223686155 -8.55211333477222e-05
296.5 1.2e-06 1.56e-05 4.8e-06 0.000692895713041749 0.000438077642250577 -5.23598775598299e-05
298 1.54e-05 -1.91e-05 -4.18e-05 0.000986111027376796 0.000490437519810407 2.26892802759263e-05
299.5 1.88e-05 4.0000000000001e-07 -3.03e-05 0.000942477796076938 0.000743510261349584 -6.98131700797732e-05
301 1.56e-05 1.51e-05 -1.7e-06 0.000801106126665397 0.000747000919853573 -0.000144862327915529
302.5 2.27e-05 -1.99999999999991e-07 -2.5e-05 0.000776671517137477 0.000740019602845596 -4.36332312998583e-05
304 1.56e-05 6.40000000000001e-06 -5e-06 0.000757472895365539 0.00074176493209759 -0.000277507351067098
305.5 1.95e-05 -2.49e-05 -5.15e-05 0.000827286065445312 0.000621337213709981 -8.37758040957278e-05
307 1.82e-05 -2.44e-05 -3.72e-05 0.000706858347057704 0.000661479786505851 -0.000244346095279206
308.5 1.81e-05 -4.47e-05 -6.87e-05 0.00085870199198121 0.000631809189221947 -0.000340339204138894
310 1.21e-05 -3.69e-05 -4.83e-05 0.00071733032256967 0.000556760031386191 -0.000335103216382911
311.5 1.85e-05 -3.07e-05 -7.14e-05 0.000804596785169386 0.000673697091269811 -0.000247836753783195
313 1.83e-05 -4.99999999999999e-07 -3.73e-05 0.000757472895365539 0.000696386371545738 -0.000219911485751286
314.5 1.8e-05 -1.9e-05 -7.37e-05 0.000921533845053006 0.000787143492649443 -0.000125663706143592
