0 0 0 0 0 0 0
8 0 0 0 0 0 0
10 0 0 0 0 0 0
12 0 0 0 0 0 0
14 0 0 0 0 0 0
16 0 0 0 0 0 0
18 0 0 0 0 0 0
20 0 0 0 0 0 0
22 0 0 0 0 0 0
24 0 0 0 0 0 0
26 1.08333333333333e-05 2.89333333333333e-05 -8.5e-06 -0.000209439510239319 9.59931088596881e-05 0.000130899693899575
28 4.16666666666667e-06 3.34666666666667e-05 2.38333333333333e-05 -0.000151261868506175 8.20304748437335e-05 0.000147189433584855
30 7.9e-06 -3.99999999999996e-07 2.2e-06 0.000263544717051144 8.37758040957278e-05 4.53785605518526e-05
32 1.33666666666667e-05 3.95e-05 2.83666666666667e-05 -9.19206739383681e-05 0.000196640429058028 0.000165806278939461
34 1.51666666666667e-05 2.61666666666667e-05 1.18333333333333e-05 -0.000232710566932578 0.000111701072127637 0.000189077335632719
36 1.13e-05 3.94e-05 1.37e-05 -7.33038285837619e-05 0.000263544717051144 0.000165806278939461
38 2.86666666666667e-06 2.31666666666667e-05 1.36e-05 -0.000107046860788985 0.000204203522483337 5.643231248115e-05
40 2.13333333333333e-06 3.35e-05 3.58666666666667e-05 -0.000261799387799149 0.000172787595947439 0.000114609954214294
42 6.3e-06 5.1e-06 -3.4e-06 2.44346095279206e-05 0.000185004900711399 4.88692190558412e-05
44 5.26666666666667e-06 1.03333333333333e-06 3.76666666666667e-06 6.28318530717959e-05 4.82874426385097e-05 7.33038285837618e-05
46 1.48e-05 -9.89999999999999e-06 -2.23e-05 0.000281579785988418 7.73762635050817e-05 6.28318530717959e-05
48 7.7e-06 8e-06 1.38e-05 0.00022165681500328 3.66519142918809e-05 6.98131700797732e-05
50 9.26666666666667e-06 -5.7e-06 -3.44666666666667e-05 0.000338012098469568 -4.7123889803847e-05 0.000155916079844827
52 -2.2e-06 -6.23333333333333e-06 -1.42e-05 0.000492764625479732 6.39954059064574e-06 -4.65421133865167e-06
54 -3.1e-06 -1.54e-05 -9.9e-06 0.000516617458590322 -7.85398163397449e-05 -6.28318530717959e-05
56 -1.54666666666667e-05 -4.79999999999999e-06 -3.2e-06 0.000379318224100101 -0.000124500153308929 2.67617151972464e-05
58 -4.8e-06 1.66666666666667e-06 -3.8e-06 0.000389790199612067 1.39626340159546e-05 -7.33038285837618e-05
60 -3.9e-06 -2.07e-05 -1.52e-05 0.000354301838154849 -1.74532925199433e-05 -8.37758040957278e-05
62 -1.06e-05 -4.9e-06 1.33333333333333e-07 0.000331030781461591 -3.49065850398866e-06 -0.000293215314335047
64 -3.4e-06 -2.52333333333333e-05 -3.08666666666667e-05 0.000584685299418101 -0.000166388055356793 -0.000194313323388702
66 -7.7e-06 1.82e-05 6.9e-06 0.000294960643587042 0.000144862327915529 -0.000193731546971371
68 -2.83333333333333e-06 -2.37666666666667e-05 3.56666666666667e-06 0.000708603676309698 -6.22500766544644e-05 -8.37758040957278e-05
70 -3.83333333333333e-06 3.56666666666666e-06 2.87666666666667e-05 0.000619010108040655 -6.92313936624417e-05 4.65421133865154e-06
72 -4.7e-06 -1.49e-05 6.7e-06 0.000736528944341607 0.000108210413623648 9.94837673636768e-05
74 1.66666666666667e-06 -5.66666666666667e-07 1.20666666666667e-05 0.000730711180168293 -2.96705972839036e-05 0.000138462787324883
76 -5.53333333333333e-06 5.76666666666667e-06 4.16e-05 0.000581776417331443 2.90888208665719e-06 4.77056662211783e-05
78 4e-07 -3.84e-05 -6e-06 0.000762708883121522 -0.000109955742875643 3.49065850398866e-05
80 -4e-06 -1.16666666666666e-06 2.59666666666667e-05 0.000542215620952905 9.13388975210365e-05 2.79252680319093e-05
82 -6.06666666666667e-06 3.9e-06 3.79666666666667e-05 0.00040724349213201 0.000107628637206317 -4.18879020478639e-05
84 -1.02e-05 4.1e-06 4.96e-05 0.000378736447682769 7.15584993317675e-05 -7.50491578357562e-05
86 -9.66666666666667e-06 -1.17666666666667e-05 1.56666666666667e-05 0.000562577795559505 3.0252373701235e-05 -1.5707963267949e-05
88 -1.21333333333333e-05 -1.76666666666666e-06 1.29333333333333e-05 0.000317068147445637 3.83972435438752e-05 -3.19977029532294e-05
90 -1.69e-05 1.06e-05 3.44e-05 0.000404916386462684 0.000195476876223365 -5.75958653158129e-05
92 -1.18666666666667e-05 1.00000000000002e-07 9.76666666666667e-06 0.000422369678982628 0.000243764318861874 -0.000157079632679489
94 -1.3e-05 1.35e-05 1.31666666666667e-05 0.000468911792369143 0.000279834456736424 -0.000108210413623648
96 4.4e-06 -2.8e-06 -1.23e-05 0.000490437519810407 0.000272271363311115 -1.91986217719376e-05
98 -6.5e-06 1.29333333333333e-05 1.47333333333333e-05 0.000500327718905041 0.000211184839491314 -0.000149516539254181
100 -1.50333333333333e-05 1.24e-05 1.68666666666667e-05 0.000468911792369143 0.000283325115240413 -0.000194895099806034
102 -8e-06 -1.1e-06 -3.8e-06 0.000438077642250577 0.000516617458590322 -0.000193731546971371
104 -5.03333333333333e-06 -4e-06 1.70666666666667e-05 0.000433423430911925 0.000374082236344118 -0.000335684992800243
106 -4.63333333333333e-06 -8.00000000000001e-07 1.84e-05 0.000449713170597206 0.000349647626816197 -0.00018558667712873
108 -9e-07 -1.41e-05 -1.53e-05 0.000555014702134197 0.000167551608191456 -0.000174532925199433
110 -1.96666666666667e-06 -5.26666666666667e-06 7.86666666666667e-06 0.000400843951541364 0.000211766615908645 -0.000244927871696537
112 -2.5e-06 -5.8e-06 8.2e-06 0.00042760566673861 0.000168715161026118 -0.000270526034059121
114 -7.5e-06 3.60000000000001e-06 8.5e-06 0.000335103216382911 0.000294960643587042 -0.000183259571459405
116 -1.65e-05 6.63333333333334e-06 3.37333333333333e-05 0.000460766922526503 0.000176278254451427 -0.000283325115240413
118 -1.81666666666667e-05 5.90000000000001e-06 1.92666666666667e-05 0.000402589280793359 0.00022165681500328 -0.000325213017288277
120 -2.12e-05 2.62e-05 4.11e-05 0.000212930168743308 0.000249582083035189 -0.000417133691226645
122 -8.86666666666667e-06 -1.13e-05 -1.05e-05 0.000520689893511641 0.000219329709333954 -0.000254236294373841
124 -1.60666666666667e-05 6.7e-06 1.58333333333333e-05 0.000453203829101194 0.000213511945160639 -0.000270526034059121
126 -3.7e-06 -2.57e-05 -9.8e-06 0.000769690200129499 7.33038285837618e-05 -0.00035081117965086
128 -5.93333333333333e-06 3.63333333333333e-06 7.5e-06 0.000463675804613161 8.7848239017048e-05 -0.000319977029532294
130 1.4e-06 -2.81e-05 -2.93666666666667e-05 0.000853466004225227 -2.85070444492407e-05 -0.000246673200948532
132 -1.14e-05 4.9e-06 1.94e-05 0.000631809189221947 -6.45771823237902e-05 -0.00037873644768277
134 -5.66666666666667e-06 -2.99e-05 -1.7e-05 0.000655080245915205 -9.48295560250251e-05 -0.000482874426385098
136 -1.47333333333333e-05 -1.87666666666667e-05 -3.2e-06 0.000396771516620044 -0.000123918376891597 -0.000397935069454707
138 -1.52e-05 -6.1e-06 -1.84e-05 0.000174532925199433 1.0471975511966e-05 -0.000394444410950718
140 -1.63666666666667e-05 -5.33333333333333e-07 -1.37e-05 0.000311250383272322 7.09767229144361e-05 -0.000470657121621137
142 -2.45e-05 5.46666666666666e-06 3.03333333333333e-06 0.000271689586893784 -1.39626340159546e-05 -0.000557923584220854
144 -2.59e-05 4.80000000000001e-06 2.8e-06 0.000417133691226645 0.000279252680319093 -0.00044331363000656
146 -2.24e-05 -6.99999999999997e-07 6e-06 0.000374664012761449 0.000154752527010164 -0.000532907198275602
148 -2.75333333333333e-05 6.76666666666667e-06 1.18666666666667e-05 0.000283906891657745 0.000223402144255274 -0.000546869832291557
150 -3.04e-05 1.40000000000001e-06 -9.9e-06 0.000364773813666815 -4.18879020478639e-05 -0.000567232006898157
152 -2.91e-05 1.46333333333333e-05 1.42333333333333e-05 0.000436332312998583 -6.39954059064587e-06 -0.00066089801008852
154 -2.73666666666667e-05 -7.00000000000003e-07 -1.76666666666667e-06 0.000446804288510549 -4.82874426385098e-05 -0.000587594181504758
156 -3e-05 1.85e-05 1.53e-05 0.000267035375555133 -1.22173047639603e-05 -0.000474729556542458
158 -2.38333333333333e-05 8.6e-06 7.93333333333333e-06 0.000429932772407936 -3.37430322052237e-05 -0.000587012405087426
160 -2.75e-05 1.52666666666667e-05 6.66666666666672e-08 0.000385717764690747 -4.18879020478639e-05 -0.000536979633196922
162 -3.19e-05 3.17e-05 3.33e-05 0.000205948851735331 -0.000143116998663535 -0.000609119908946021
164 -2.60333333333333e-05 1.19333333333333e-05 -3.1e-06 0.00046367580461316 -7.79580399224134e-05 -0.000624246095796639
166 -2.77e-05 1.51333333333333e-05 -1.05e-05 0.000404334610045353 -0.000197803981892691 -0.000619591884457987
168 -2.88e-05 1.39e-05 -9.09999999999999e-06 0.000333357887130917 -0.00012915436464758 -0.000626573201465964
170 -2.21e-05 -3.36666666666666e-06 -3.57e-05 0.000340339204138894 -0.000336266769217574 -0.000594575498512735
172 -2.03666666666667e-05 8.33333333333334e-07 -1.86333333333333e-05 0.00039502618736805 -0.000385135988273416 -0.000434005207329256
174 -1.86e-05 -1.87e-05 -4.28e-05 0.0005846852994181 -0.000376991118430775 -0.000431096325242599
176 -1.97666666666667e-05 -3.3e-06 -1.82333333333333e-05 0.000496837060401052 -0.000217002603664629 -0.000475311332959789
178 -1.52333333333333e-05 -8.63333333333333e-06 -2.59e-05 0.000454949158353188 -0.000264708269885807 -0.000412479479887993
180 -1.16e-05 -2.56e-05 -3e-05 0.000549778714378214 -0.000382227106186758 -0.000479965544298441
182 -1.51333333333333e-05 -2.13e-05 -3.28333333333333e-05 0.000410734150635999 -0.000324631240870945 -0.000503236600991699
184 -1.2e-05 -1.53666666666667e-05 -3.79e-05 0.000607374579694027 -0.000198967534727353 -0.000504400153826361
186 -1.93e-05 -1.04e-05 -1.33e-05 0.000673697091269811 -0.000265290046303138 -0.000450294947014537
188 -1.83666666666667e-05 2.5e-06 -8.63333333333333e-06 0.000386299541108078 -0.000253654517956509 -0.000450876723431868
190 -1.76333333333333e-05 -1.49666666666667e-05 -2.69e-05 0.000442150077171897 -0.000107046860788986 -0.000578867535244786
192 -2.41e-05 -1.69e-05 -1.4e-05 0.000452040276266531 -0.000174532925199433 -0.000574213323906134
194 -2.11e-05 -3.76666666666667e-06 -1.49333333333333e-05 0.000531161869023607 -6.39954059064589e-05 -0.000588757734339421
196 -1.63666666666667e-05 1.29e-05 -8.53333333333333e-06 0.000623082542961976 -0.000229219908428589 -0.000573631547488803
198 -2.54e-05 2.52e-05 -1.2e-06 0.000408407044966673 -0.00012915436464758 -0.000518362787842316
200 -2.35666666666667e-05 9.4e-06 -6.76666666666667e-06 0.000696968147963069 -0.000151261868506176 -0.000552687596464871
202 -2.02333333333333e-05 1.58e-05 1.28333333333333e-05 0.000620173660875318 7.79580399224131e-05 -0.000558505360638185
204 -1.75e-05 2.96e-05 4.14e-05 0.000506145483078355 -0.000165806278939461 -0.000446804288510548
206 -1.37333333333333e-05 2.58666666666667e-05 1.39e-05 0.000570140888984814 -8.5521133347722e-05 -0.000380481776934764
208 -1.48e-05 2.04666666666667e-05 -2.96666666666667e-06 0.000550360490795546 -1.22173047639603e-05 -0.000445640735675885
210 -1.58e-05 3.58e-05 1.67e-05 0.000452040276266531 0.000108210413623648 -0.00044331363000656
212 -1.40333333333333e-05 2.57666666666667e-05 5.23333333333333e-06 0.000477638438629115 -0.000191404441302045 -0.000379900000517432
214 -1.20333333333333e-05 2.32333333333333e-05 1.15e-05 0.000462512251778497 -9.59931088596881e-05 -0.000374082236344118
216 -9.3e-06 2.17e-05 2.9e-06 0.000546288055874225 -4.01425727958696e-05 -0.000380481776934764
218 -3e-06 1.32666666666667e-05 -8.36666666666667e-06 0.000584685299418101 -7.62127106704188e-05 -0.000317649923862968
220 -1.13333333333333e-06 2.52666666666667e-05 -5.83333333333333e-06 0.000588175957922089 0.000107628637206317 -0.000373500459926787
222 -3.4e-06 1.44e-05 -2.31e-05 0.000598647933434055 0.000143116998663535 -0.000305432619099008
224 -2.46666666666667e-06 4.06333333333333e-05 6.18666666666667e-05 0.00022165681500328 0.000215257274412634 -0.000393280858116055
226 9.33333333333333e-07 7.7e-06 1.50666666666667e-05 0.00022980168484592 7.67944870877505e-05 -0.000443313630006559
228 3e-06 2.80000000000001e-06 -4.07e-05 0.000366519142918809 2.79252680319093e-05 -0.000331612557878923
230 3.6e-06 1.60000000000001e-06 -4.91e-05 0.000510217917999676 -0.000159406738348816 -0.000297287749256368
232 6.8e-06 -2.86666666666667e-06 -4.52333333333333e-05 0.000635881624143267 -3.0252373701235e-05 -0.00037873644768277
234 5.00000000000001e-07 1.75e-05 4.4e-06 0.000300196631343025 -0.000225147473507269 -0.000244346095279206
236 3.3e-06 -4.56666666666667e-06 -8.3e-06 0.000328121899374934 0.000159988514766147 -0.000425278561069285
238 4.36666666666667e-06 -1.26333333333333e-05 1.3e-06 0.000324631240870945 0.000168133384608787 -0.000406661715714679
240 3.6e-06 -2.21e-05 -7.5e-06 0.000376991118430775 -9.94837673636768e-05 -0.00035081117965086
242 3.86666666666667e-06 -7.83333333333332e-06 -2.26666666666666e-06 0.000335684992800243 6.05047474024701e-05 -0.000318813476697631
244 4.33333333333333e-06 -8.03333333333333e-06 -1.53333333333333e-05 0.000371755130674792 6.28318530717959e-05 -0.00034673874472954
246 1.32e-05 -4.37e-05 -9.39e-05 0.000923279174305 0.000158824961931484 -0.000223402144255274
248 1.21333333333333e-05 -2.37333333333333e-05 -5.27e-05 0.00079819724457874 0.000302523737012351 -0.000233874119767241
250 8.6e-06 -2.27333333333333e-05 -3.74333333333333e-05 0.000802851455917392 0.000531743645440939 -0.000162897396852804
252 8.1e-06 4.1e-06 2.17e-05 0.00052010811709431 0.000574213323906134 -0.000228638132011257
254 1.97e-05 -3.31e-05 -5.39666666666667e-05 0.00094247779607694 0.000591666616426078 -0.000275180245397773
256 1.95666666666667e-05 -3.89e-05 -4.13e-05 0.000769108423712168 0.000449713170597206 -0.000384554211856084
258 2.56e-05 -5.66e-05 -6.1e-05 0.000823795406941324 0.000453785605518526 -0.000424115008234622
260 1.98666666666667e-05 -4.2e-05 -5.39666666666667e-05 0.00072954762733363 0.00043516876016392 -0.000493346401897064
262 1.33333333333333e-05 -6.06666666666667e-06 -2.73e-05 0.000623664319379307 0.00055617825496886 -0.000361864931580158
264 1.37e-05 2e-06 -5.14e-05 0.000874409955249159 0.000413643032722656 -0.000310668606854991
266 1.17333333333333e-05 6.86666666666667e-06 -2.95333333333333e-05 0.000888954365682445 0.000552687596464871 -0.00018558667712873
268 1.12666666666667e-05 1.26666666666667e-05 -6e-06 0.000973893722612837 0.000402589280793359 -0.000101810873033003
270 1.09e-05 2.57e-05 2.13e-05 0.00101229096615671 0.000408407044966673 -0.000174532925199433
272 1.34666666666667e-05 1.39333333333333e-05 -2.77666666666667e-05 0.000879064166587811 0.000395607963785382 -1.0471975511966e-05
274 9.93333333333333e-06 3.10666666666667e-05 3.3e-06 0.00050789081233035 0.000591084840008746 -6.28318530717958e-05
276 1.07e-05 -1.48e-05 -3.69e-05 0.000635299847725936 0.000656243798749868 -0.000143116998663535
278 3.76666666666667e-06 -2.5e-06 -1.43e-05 0.00049974594248771 0.000486365084889087 -0.000269362481224458
280 1.66666666666668e-07 3.3e-06 -1.19666666666667e-05 0.000461348698943834 0.000629482083552621 -0.000144862327915529
282 5.5e-06 -4.99999999999999e-07 -4.99e-05 0.000671951762017817 0.000530580092606276 -0.000202458193231342
284 4.06666666666667e-06 1.51666666666667e-05 -1.04666666666667e-05 0.000515453905755658 0.000660316233671188 -0.00010471975511966
286 3.13333333333333e-06 7.3e-06 -1.18666666666667e-05 0.000447967841345211 0.000694059265876412 -2.67617151972464e-05
288 2.8e-06 2.04e-05 -6.89999999999999e-06 0.00061261056745001 0.000691150383789755 -6.10865238198015e-05
290 1.13333333333333e-05 1.7e-05 -6.46666666666667e-06 0.000671951762017817 0.000717330322569669 -8.84300154343793e-05
292 1.63333333333333e-05 1.66e-05 -8.13333333333333e-06 0.000745255590601578 0.000742928484932253 -6.98131700797733e-06
294 1.06e-05 3.12e-05 2.14e-05 0.000588175957922089 0.00062482787221397 -9.94837673636768e-05
296 1.17666666666667e-05 7.6e-06 -8.1e-06 0.00082612251261065 0.000641699388316582 -5.29416539771614e-05
298 5.83333333333333e-06 4.66666666666667e-06 -1.36333333333333e-05 0.000755145789696214 0.000642862941151245 -0.000199549311144685
300 1.2e-06 2.5e-05 2.14e-05 0.000541052068118242 0.000790634151153431 -0.000158824961931484
302 5.33333333333333e-06 7.83333333333334e-06 -8.06666666666667e-06 0.000730129403750961 0.000705113017805709 -0.000120427718387609
304 1.93333333333333e-06 1.37666666666667e-05 2.8e-06 0.000712676111231018 0.000543379173787568 -6.34136294891273e-05
306 1.54e-05 -1.91e-05 -4.18e-05 0.000986111027376796 0.000490437519810407 2.26892802759263e-05
308 1.77333333333333e-05 5.30000000000001e-06 -2.07666666666667e-05 0.000895353906273091 0.000744673814184247 -9.48295560250251e-05
310 2.03333333333333e-05 4.90000000000001e-06 -1.72333333333333e-05 0.000784816386980117 0.000742346708514922 -7.73762635050819e-05
312 1.56e-05 6.40000000000001e-06 -5e-06 0.000757472895365539 0.00074176493209759 -0.000277507351067098
314 1.90666666666667e-05 -2.47333333333333e-05 -4.67333333333333e-05 0.000787143492649443 0.000634718071308604 -0.000137299234490221
316 1.81333333333333e-05 -3.79333333333333e-05 -5.82e-05 0.000808087443673375 0.000641699388316582 -0.000308341501185665
318 1.21e-05 -3.69e-05 -4.83e-05 0.00071733032256967 0.000556760031386191 -0.000335103216382911
320 1.84333333333333e-05 -2.06333333333333e-05 -6.00333333333333e-05 0.000788888821901437 0.00068126018469512 -0.000238528331105892
322 1.81e-05 -1.28333333333333e-05 -6.15666666666667e-05 0.00086684686182385 0.000756891118948208 -0.00015707963267949
