0 0 0 0 0 0 0
2 0 0 0 0 0 0
4 0 0 0 0 0 0
6 0 0 0 0 0 0
8 0 0 0 0 0 0
10 0 0 0 0 0 0
12 0 0 0 0 0 0
14 0 0 0 0 0 0
16 0 0 0 0 0 0
18 -9.63e-05 -7.3e-06 -0.000120533333333333 0.00171624043112776 -0.000713257887648349 -0.00124791041517595
20 -6.75e-05 -2.42333333333333e-05 -5.92e-05 0.00154403461159765 -0.000420042573313302 -0.000791797703988094
22 -2.11e-05 -1.15e-05 -4.9e-05 0.000436332312998583 -0.000364773813666815 -0.000342084533390889
24 -2.87333333333333e-05 -2.95666666666667e-05 -4.74333333333333e-05 0.000737110720758936 -0.000612028791032678 -0.000368264472170804
26 -2.28666666666667e-05 -5.03333333333333e-06 -4.08333333333333e-05 -0.00016115206760081 -0.000686496172451103 -0.000186750229963393
28 -3.25e-05 -3.7e-05 -5.13e-05 0.000671951762017817 -0.000949459113084915 -0.000155334303427495
30 0 -4.43333333333333e-06 3.03333333333334e-06 -0.000460766922526503 -0.000635299847725936 0.00023794655468856
32 1.65333333333333e-05 -3.03666666666667e-05 -1.31e-05 -0.000273434916145778 -0.000453785605518525 0.000505563706661024
34 2.09e-05 -9.2e-06 1.27e-05 -0.00102101761241668 -0.000240855436775217 0.000694641042293743
36 1.58666666666667e-05 -3.01333333333333e-05 9.26666666666667e-06 -0.000692895713041749 -0.000263544717051144 0.000620173660875319
38 1.69333333333333e-05 -2.5e-05 6.33333333333334e-06 -0.00114086355438696 -0.000289142879413727 0.000698131700797732
40 3.23e-05 -5e-05 -2.8e-05 -3.14159265358978e-05 -0.000493928178314395 0.000722566310325653
42 -5.53333333333333e-06 -4.03e-05 -4.16666666666665e-06 -0.000885463707178456 -0.00131597825600372 -0.000305432619099008
44 -5.3e-05 -2.97666666666667e-05 2.07e-05 -0.00117518836300951 -0.00142884288096602 -0.000765035988790848
46 1.60000000000001e-06 4.5e-06 2.9e-05 -0.00202807259081741 -0.00100181899064475 0.00023387411976724
48 -9.6e-06 -3.56666666666667e-05 -7e-06 -0.000550942267212877 -0.00091106186954104 7.73762635050824e-05
50 -1.58e-05 -6.26666666666667e-06 3.99333333333333e-05 -0.00147014900659655 -0.000933169373399634 -0.000200712863979348
52 -8e-06 -5.5e-06 6.89e-05 -0.00191986217719376 -0.00122173047639603 -0.000218166156499291
54 -2.16e-05 -1.65333333333333e-05 4.58333333333333e-05 -0.00139975406009945 -0.00108966722966179 -0.000207694180987325
56 2.4e-06 -1.50666666666667e-05 3.87e-05 -0.00161733844018141 -0.00103963445777129 0.000140208116576878
58 -4.55e-05 -4.37e-05 2.97e-05 -0.000938987137572949 -0.00120776784238008 -0.000815068760681352
60 -5.27333333333333e-05 -2.72666666666667e-05 3.58666666666667e-05 -0.00172903951230905 -0.00154170750592833 -0.000731292956585624
62 -2.66e-05 -3.11333333333333e-05 3.59333333333333e-05 -0.00164526370821332 -0.0014986560510458 -0.00010064732019834
64 -3.9e-05 -2.92e-05 4.1e-05 -0.00133866753627965 -0.0011693705988362 -0.000214675497995302
66 9.76333333333333e-05 -3.43666666666667e-05 8.97e-05 -0.0026773350725593 -0.000318813476697631 0.00167377075266256
68 4.66333333333333e-05 -3.33e-05 6.57e-05 -0.00247487687932796 -0.000619010108040655 0.00105592419745657
70 1.47e-05 -5.84e-05 3.42e-05 -0.00136484747505957 -0.000938987137572949 0.000719075651821664
72 7.90000000000001e-06 -1.72333333333333e-05 0.000172033333333333 -0.00387288561017542 -0.00229627151920721 -0.000389208423194736
74 1.38333333333333e-05 -4.27e-05 0.000160033333333333 -0.00315264640551909 -0.0031898800962283 -0.000250745635869852
76 1.32e-05 -5.66e-05 0.0001182 -0.00173485727648236 -0.00288328392429463 0.000486946861306418
78 2.68e-05 -2.19333333333333e-05 0.0001286 -0.00352905574753254 -0.00242833476594145 0.000638790506229924
80 3.86e-05 -3.7e-05 0.0001068 -0.00291819050933452 -0.00213279234593707 0.000804015008752054
82 9.6e-05 -1.6e-05 0.0001497 -0.00388684824419137 -0.00150970980297509 0.0006771877497738
84 0.000107633333333333 -3.48333333333333e-05 0.000171566666666667 -0.00345284303686212 -0.00127350857753853 0.0010675597258032
86 0.000129566666666667 -4.16666666666666e-06 0.0001933 -0.00422660567191294 -0.000809250996508037 0.00164817259029998
88 0.000156 -1.76e-05 0.0001794 -0.00345226126044478 -0.000682423737529783 0.00219213354050488
90 0.0001594 1.34666666666667e-05 0.000173466666666667 -0.00379900000517433 -0.000352556508902855 0.00219213354050488
92 0.000155133333333333 -1.53333333333333e-06 0.000159466666666667 -0.00297171393972901 -0.000344411639060215 0.00222005880853679
94 0.0001495 3.04e-05 0.0002105 -0.00417133691226645 -0.000342084533390889 0.00176976386152225
96 0.000193133333333333 -1.66666666666667e-06 0.000238633333333333 -0.00397527825962575 -0.000937241808320955 0.002257292499246
98 0.000180466666666667 9.2e-06 0.0002417 -0.00433016187419793 -0.000671951762017817 0.00220260551601684
100 0.0001981 -8.99999999999995e-07 0.0002352 -0.00490262986885207 -0.000708603676309698 0.00231605191739648
102 0.0001885 -2.52666666666667e-05 0.000199733333333333 -0.00421497014356631 -0.000726638745246973 0.00232012435231779
104 0.000196833333333333 -1.48e-05 0.000212066666666667 -0.00475253155318056 -0.000813905207846689 0.00259123216279425
106 0.0001935 -7.4e-06 0.0002129 -0.00409628775443069 -0.000736528944341607 0.00257261531743964
108 0.000202566666666667 1.96333333333333e-05 0.000219033333333333 -0.0050882165459808 -0.0003589560494935 0.00261159433740085
110 0.000222033333333333 -1.11666666666667e-05 0.000194633333333333 -0.00382110750903292 -0.000469493568786474 0.00288851991205062
112 0.0002125 9.00000000000002e-07 0.0002233 -0.00465653844432087 -0.000439822971502571 0.00261101256098352
114 0.000180066666666667 -2.39333333333333e-05 0.0002065 -0.00424638607010221 -0.00119380520836412 0.00247313155007597
116 0.000191066666666667 -7.06666666666666e-06 0.000210433333333333 -0.0044220825481363 -0.00097156661694351 0.00257086998818765
118 0.0002815 -1.69999999999999e-06 0.000212 -0.00457276264022514 -0.00131248759749974 0.00246615023306799
120 0.0001468 -4.22e-05 0.000166333333333333 -0.00348076830489402 -0.0020001473227855 0.00131888713809038
122 0.000115066666666667 -1.68e-05 0.000196933333333333 -0.00454774625427989 -0.00222936723121409 0.00102567182375533
124 0.0001308 -3.11e-05 0.0002443 -0.00519584518318712 -0.00183957703160202 0.0015707963267949
126 0.000137233333333333 -3.20666666666667e-05 0.000216066666666667 -0.00441393767829366 -0.00243647963578408 0.00162199265152007
128 0.000179033333333333 -2.28e-05 0.000206933333333333 -0.00526565835326689 -0.00242251700176813 0.00135902971088625
130 0.0001677 -5.73e-05 0.0001757 -0.00426733002112614 -0.00266686309704734 0.00145385926691128
132 0.000152066666666667 -2.88e-05 0.0001806 -0.00564788545945365 -0.00232070612873513 0.00120776784238008
134 0.0001714 -5.38e-05 0.000163133333333333 -0.00512661378952468 -0.00211010306566115 0.00122871179340401
136 0.0001936 -2.65e-05 0.0001971 -0.00545066325397829 -0.00161966554585074 0.0013247049022637
138 0.0002065 -3.4e-05 0.0002109 -0.00485608775546556 -0.00188611914498854 0.00182037840983009
140 0.000173833333333333 -1.79333333333333e-05 0.000234233333333333 -0.0053249995478347 -0.00204901654184134 0.00168075206967054
142 0.0001727 -3.43e-05 0.0002122 -0.00482059939400834 -0.00242077167251614 0.00157952297305487
144 0.000161766666666667 -2.37e-05 0.000217133333333333 -0.00472751516723531 -0.00241379035550816 0.00142767932813136
146 0.000183766666666667 -2.21e-05 0.0002206 -0.00513126800086333 -0.00217293491873294 0.00151610934356574
148 0.000179 -4.81e-05 0.0002131 -0.0044331363000656 -0.00202632726156542 0.00153065375399903
150 0.000205066666666667 -4.74666666666667e-05 0.0002269 -0.00508181700539015 -0.00194953277447767 0.00136717458072889
152 0.0002044 -3.79333333333333e-05 0.000212233333333333 -0.00519235452468313 -0.00176103721526228 0.00153239908325102
154 0.0002138 -2.63e-05 0.0002029 -0.00569850000776149 -0.00163537350911869 0.00134390352403563
156 0.000186833333333333 -3.51333333333333e-05 0.000200966666666667 -0.00454192849010658 -0.00158475896081085 0.00137881010907552
158 0.0002095 1.13333333333333e-06 0.0002361 -0.00537619587255986 -0.00156614211545625 0.00147538499435254
160 0.0002042 -1.3e-05 0.0002385 -0.00448898683612942 -0.001230457122656 0.00207694180987325
162 0.000195533333333333 -6.33333333333329e-07 0.000264033333333333 -0.00550651379004211 -0.00153472618892035 0.00190822664884714
164 0.000237666666666667 -1.41e-05 0.000249566666666667 -0.0051399946471233 -0.00137764655624086 0.00235503093735768
166 0.0002279 -5.2e-06 0.0002766 -0.00551349510705009 -0.00155683369277894 0.00223227611330075
168 0.0002334 -4.34e-05 0.0002465 -0.00437437688191512 -0.00222704012554476 0.00192451638853241
170 0.0002344 -2.75333333333333e-05 0.000242566666666667 -0.00501084028247572 -0.00171973108963174 0.00209788576089718
172 0.0002706 -1.71e-05 0.0002503 -0.00566010276421761 -0.0018168877513261 0.00200712863979348
174 0.000262966666666667 -3.35e-05 0.000271366666666667 -0.00530812803173208 -0.00190182710825649 0.00183783170235003
176 0.0002795 -3.54333333333333e-05 0.0002673 -0.00541982910385972 -0.00171216799620644 0.00197629448967491
178 0.0002901 -3.3e-06 0.0002821 -0.00629365728269155 -0.00121125850088406 0.00219213354050488
180 0.000286933333333333 -2.40333333333333e-05 0.000245866666666667 -0.00569151869075351 -0.00138171899116218 0.00232070612873513
182 0.0002832 -1.75666666666667e-05 0.0002704 -0.00554607458642065 -0.00114551776572561 0.00264184671110208
184 0.0002836 -1.96e-05 0.0002719 -0.00540528469342644 -0.0011990411961201 0.00333183354205717
186 0.000233966666666667 -2.36e-05 0.000221966666666667 -0.0047385689191646 -0.0015801047494722 0.00309854119870726
188 0.000275566666666667 6.4e-06 0.000251633333333333 -0.00613832297926405 -0.00117635191584418 0.00274249403130042
190 0.0002443 -4.12e-05 0.000222 -0.00449073216538141 -0.00164759081388265 0.00318697121414165
192 0.0002198 -2.31333333333333e-05 0.000252 -0.00584161700642502 -0.00204028989558137 0.00270933277551253
194 0.0002056 -4.26666666666667e-05 0.000235333333333333 -0.00549022405035683 -0.00219038821125288 0.00220900505660749
196 0.0001984 -3.69e-05 0.0001985 -0.00475776754093654 -0.00217817090648892 0.00224274808881271
198 0.0002734 -2.21333333333333e-05 0.000232866666666667 -0.00618777397473723 -0.00139044563742215 0.00293098959051581
200 0.00025 -7.7e-05 0.0001782 -0.00512079602535136 -0.00169064226876517 0.00290539142815323
202 0.0002393 -5.79e-05 0.0002074 -0.00607898178469625 -0.00179419847105017 0.00228638132011257
204 0.0002131 -4.96666666666667e-05 0.0002349 -0.00534419816960664 -0.00190182710825649 0.00228638132011257
206 0.000179366666666667 -3.48666666666667e-05 0.000221233333333333 -0.00540819357551309 -0.00213104701668508 0.00192102573002842
208 0.0001577 -5.1e-05 0.0001793 -0.00499164166070378 -0.00230383461263251 0.00171042266695444
210 0.000128633333333333 -4.44333333333333e-05 0.000188833333333333 -0.00485550597904823 -0.00204378055408536 0.00140906248277675
212 0.0001127 -7.23333333333333e-06 0.000179966666666667 -0.00641932098883515 -0.00166911654132391 0.000829613171114637
214 7.45e-05 -8.58e-05 4.23e-05 -0.00297753170390233 -0.00201061929829747 0.000335103216382911
216 3.61e-05 -3.91666666666667e-05 0.000130333333333333 -0.00539248561224515 -0.00249058484259591 5.11963247251671e-05
218 6.35666666666667e-05 -1.00333333333333e-05 0.000177 -0.00656069265824669 -0.00214151899219704 0.000114028177796963
220 7.67e-05 1.17e-05 0.0001911 -0.0060946897479642 -0.00186575697038194 0.000502654824574367
222 9.76333333333333e-05 3.7e-05 0.0002094 -0.00636754288769264 -0.00174649280482899 0.000787725269066774
224 9.23666666666667e-05 2.40666666666667e-05 0.000232733333333333 -0.00592422925768609 -0.0018872826978232 0.000769108423712168
226 0.0001142 3.65e-05 0.0002601 -0.0064315382935991 -0.0020001473227855 0.00103323491718064
228 0.000145766666666667 1.89333333333333e-05 0.000266766666666667 -0.00611156126406681 -0.00197164027833626 0.00133634043061033
230 0.000179366666666667 2.12666666666667e-05 0.000280033333333333 -0.00653974870722275 -0.00189484579124851 0.00185528499486997
232 0.0001788 -3.5e-06 0.0002602 -0.00598647933434055 -0.0020612338466053 0.00235444916094035
234 0.0001345 -1e-05 0.000267866666666667 -0.00689928653313358 -0.0018983364497525 0.00153996217667633
236 0.000126966666666667 -2.32e-05 0.0002532 -0.00623955207587973 -0.00211243017133047 0.000627736754300627
238 0.0001705 1.61e-05 0.0002708 -0.00731292956585624 -0.0017540558982543 0.000808087443673375
240 0.0001802 -1.35e-05 0.000227233333333333 -0.0066182885235625 -0.00168075206967054 0.00120427718387608
242 0.000197333333333333 1.66666666666666e-07 0.000244366666666667 -0.00705927504789973 -0.00149109295762049 0.00127525390679052
244 0.00023 -1.54e-05 0.000234 -0.00625875069765167 -0.00131597825600372 0.00198443935951755
246 0.000181166666666667 1.9e-06 0.0002824 -0.0073158384479429 -0.00148527519344717 0.00125081929726261
248 0.0001147 -1.73666666666667e-05 0.000267266666666667 -0.00671195452675286 -0.00184830367786199 0.000552687596464871
250 3.13e-05 1.42e-05 0.000331 -0.00819257550886138 -0.0021851522234969 -0.000659734457253857
252 8.31e-05 -1.78666666666667e-05 0.000276266666666667 -0.00697026325604802 -0.00237888377046827 -7.03949464971046e-05
254 6.73666666666667e-05 -9.93333333333334e-06 0.0002616 -0.00672708071360348 -0.00255225314283304 7.97033691744075e-05
256 9.96e-05 1.77e-05 0.0002617 -0.00780336708566665 -0.00171042266695444 0.000284488668075076
258 0.0001264 -1.87e-05 0.000224666666666667 -0.00677944059116331 -0.00198327580668289 0.000652171363828548
260 0.000136066666666667 -1.93e-05 0.000210533333333333 -0.00733561884613217 -0.00172729418305706 0.000684750843199109
262 0.0001461 -3.57e-05 0.0002129 -0.00642106631808714 -0.00195651409148564 0.000783652834145454
264 0.000145066666666667 5e-06 0.000256366666666667 -0.00698946187781996 -0.00215082741487435 0.000674860644104474
266 0.000108266666666667 -1.51333333333333e-05 0.000253966666666667 -0.00627620399017161 -0.00259181393921158 0.000738856050010933
268 0.0001216 1.31e-05 0.0002997 -0.00719424717672063 -0.00253596340314776 0.000982620368872807
270 0.000129566666666667 -5.49999999999999e-06 0.0002854 -0.00699411608915861 -0.00259646815055023 0.000865683308989187
272 0.0001065 -4.63333333333334e-06 0.0002464 -0.00647517152489896 -0.00243357075369743 0.000603883921190038
274 7.97e-05 7e-06 0.0002451 -0.00658163660927062 -0.00265639112153537 -0.000357792496658837
276 -1.04666666666667e-05 -2.97666666666667e-05 0.000194633333333333 -0.00554956524492464 -0.00381005375710362 -0.00144978683198995
278 -1.52e-05 -2.45666666666667e-05 0.000178166666666667 -0.00632798209131411 -0.00370067979064531 -0.00155217948144029
280 2.12e-05 -5.1e-05 0.0001668 -0.00599520598060052 -0.00366519142918809 -0.00105068820970059
282 3.69e-05 -2.74666666666667e-05 0.000168933333333333 -0.00639197749722056 -0.00311715804406187 -0.000734783615089612
284 8.17e-05 -3.93333333333333e-06 0.000176466666666667 -0.00739845069920396 -0.0022351849953874 -0.000303105513429682
286 8.07e-05 -2.46e-05 0.0001734 -0.00670730031541421 -0.00229859862487653 -0.00032637657012294
288 0.000101333333333333 9.63333333333333e-06 0.0002118 -0.0075101517713316 -0.00198967534727353 -0.000211184839491314
290 0.000103933333333333 2.35666666666667e-05 0.000244533333333333 -0.00726464212321773 -0.00192567994136707 -1.68715161026117e-05
292 6.8e-05 3.55e-05 0.0002252 -0.00690103186238558 -0.00204901654184134 -0.000492182849062401
294 -1.56333333333333e-05 1.38333333333333e-05 0.000205866666666667 -0.00609061731304288 -0.00301243828894221 -0.00109955742875643
296 -1.33666666666667e-05 3.14333333333333e-05 0.000211933333333333 -0.00650484212218286 -0.00306014395516339 -0.00130899693899575
298 -6.93e-05 7.3e-06 0.00016 -0.0050771627940515 -0.0036617007706841 -0.00178896248329419
300 -6.09e-05 2.12e-05 0.000188566666666667 -0.0056857009265802 -0.00346389678879141 -0.00171274977262377
302 -3.11666666666667e-05 2.00666666666667e-05 0.000192433333333333 -0.00643851961060708 -0.00307992435335266 -0.00157894119663754
304 -1.99e-05 1.4e-06 0.0001662 -0.00556061899685393 -0.00316253660461373 -0.00138753675533549
306 2.28333333333333e-05 6.53333333333334e-06 0.0001946 -0.00672649893718615 -0.00276285620590702 -0.000925024503556995
308 5.43333333333333e-06 -4.64e-05 0.000151466666666667 -0.00564788545945365 -0.00303163691071415 -0.000879645943005142
310 1.34e-05 -8.6e-06 0.0001835 -0.00682772803380182 -0.00279776279094691 -0.00100007366139275
312 3.94666666666667e-05 -3.22e-05 0.000168266666666667 -0.00610865238198015 -0.00289782833472792 -0.00114144533080429
314 0.0001802 -5.73333333333333e-06 0.0002254 -0.00686961593584968 -0.00141197136486341 0.000993674120802103
