0 0 0 0 0 0 0
2 0 0 0 0 0 0
4 0 0 0 0 0 0
6 0 0 0 0 0 0
8 0 0 0 0 0 0
10 0 0 0 0 0 0
12 0 0 0 0 0 0
14 0 0 0 0 0 0
16 0 0 0 0 0 0
18 -9.63e-05 -7.3e-06 -0.000120533333333333 0.00171624043112776 -0.000713257887648349 -0.00124791041517595
20 -6.75e-05 -2.42333333333333e-05 -5.92e-05 0.00154403461159765 -0.000420042573313302 -0.000791797703988094
22 -2.11e-05 -1.15e-05 -4.9e-05 0.000436332312998583 -0.000364773813666815 -0.000342084533390889
24 -2.87333333333333e-05 -2.95666666666667e-05 -4.74333333333333e-05 0.000737110720758936 -0.000612028791032678 -0.000368264472170804
26 -2.28666666666667e-05 -5.03333333333333e-06 -4.08333333333333e-05 -0.00016115206760081 -0.000686496172451103 -0.000186750229963393
28 -3.25e-05 -3.7e-05 -5.13e-05 0.000671951762017817 -0.000949459113084915 -0.000155334303427495
30 0 -4.43333333333333e-06 3.03333333333334e-06 -0.000460766922526503 -0.000635299847725936 0.00023794655468856
32 1.65333333333333e-05 -3.03666666666667e-05 -1.31e-05 -0.000273434916145778 -0.000453785605518525 0.000505563706661024
34 2.09e-05 -9.2e-06 1.27e-05 -0.00102101761241668 -0.000240855436775217 0.000694641042293743
36 1.58666666666667e-05 -3.01333333333333e-05 9.26666666666667e-06 -0.000692895713041749 -0.000263544717051144 0.000620173660875319
38 1.69333333333333e-05 -2.5e-05 6.33333333333334e-06 -0.00114086355438696 -0.000289142879413727 0.000698131700797732
40 3.23e-05 -5e-05 -2.8e-05 -3.14159265358978e-05 -0.000493928178314395 0.000722566310325653
42 -5.53333333333333e-06 -4.03e-05 -4.16666666666665e-06 -0.000885463707178456 -0.00131597825600372 -0.000305432619099008
44 -5.3e-05 -2.97666666666667e-05 2.07e-05 -0.00117518836300951 -0.00142884288096602 -0.000765035988790848
46 1.60000000000001e-06 4.5e-06 2.9e-05 -0.00202807259081741 -0.00100181899064475 0.00023387411976724
48 -9.6e-06 -3.56666666666667e-05 -7e-06 -0.000550942267212877 -0.00091106186954104 7.73762635050824e-05
50 -1.58e-05 -6.26666666666667e-06 3.99333333333333e-05 -0.00147014900659655 -0.000933169373399634 -0.000200712863979348
52 -8e-06 -5.5e-06 6.89e-05 -0.00191986217719376 -0.00122173047639603 -0.000218166156499291
54 -2.16e-05 -1.65333333333333e-05 4.58333333333333e-05 -0.00139975406009945 -0.00108966722966179 -0.000207694180987325
56 2.4e-06 -1.50666666666667e-05 3.87e-05 -0.00161733844018141 -0.00103963445777129 0.000140208116576878
58 -4.55e-05 -4.37e-05 2.97e-05 -0.000938987137572949 -0.00120776784238008 -0.000815068760681352
60 -5.27333333333333e-05 -2.72666666666667e-05 3.58666666666667e-05 -0.00172903951230905 -0.00154170750592833 -0.000731292956585624
62 -2.66e-05 -3.11333333333333e-05 3.59333333333333e-05 -0.00164526370821332 -0.0014986560510458 -0.00010064732019834
64 -3.9e-05 -2.92e-05 4.1e-05 -0.00133866753627965 -0.0011693705988362 -0.000214675497995302
66 9.76333333333333e-05 -3.43666666666667e-05 8.97e-05 -0.0026773350725593 -0.000318813476697631 0.00167377075266256
68 4.66333333333333e-05 -3.33e-05 6.57e-05 -0.00247487687932796 -0.000619010108040655 0.00105592419745657
70 1.47e-05 -5.84e-05 3.42e-05 -0.00136484747505957 -0.000938987137572949 0.000719075651821664
72 7.90000000000001e-06 -1.72333333333333e-05 0.000172033333333333 -0.00387288561017542 -0.00229627151920721 -0.000389208423194736
74 1.38333333333333e-05 -4.27e-05 0.000160033333333333 -0.00315264640551909 -0.0031898800962283 -0.000250745635869852
76 1.32e-05 -5.66e-05 0.0001182 -0.00173485727648236 -0.00288328392429463 0.000486946861306418
78 2.68e-05 -2.19333333333333e-05 0.0001286 -0.00352905574753254 -0.00242833476594145 0.000638790506229924
80 3.86e-05 -3.7e-05 0.0001068 -0.00291819050933452 -0.00213279234593707 0.000804015008752054
82 9.6e-05 -1.6e-05 0.0001497 -0.00388684824419137 -0.00150970980297509 0.0006771877497738
84 0.000107633333333333 -3.48333333333333e-05 0.000171566666666667 -0.00345284303686212 -0.00127350857753853 0.0010675597258032
86 0.000129566666666667 -4.16666666666666e-06 0.0001933 -0.00422660567191294 -0.000809250996508037 0.00164817259029998
88 0.000156 -1.76e-05 0.0001794 -0.00345226126044478 -0.000682423737529783 0.00219213354050488
