0 0 0 0 0 0 0
16 0 0 0 0 0 0
17.5 -0.0001035 7e-06 -0.0001363 0.00154636171726698 -0.000773180858633488 -0.00134564885328763
19 -8.19e-05 -3.59e-05 -8.9e-05 0.00205599785884932 -0.000593411945678072 -0.00105243353895258
20.5 -6.03e-05 -1.84e-05 -4.43e-05 0.00128805298797182 -0.000333357887130917 -0.000661479786505851
22 -2.11e-05 -1.15e-05 -4.9e-05 0.000436332312998583 -0.000364773813666815 -0.000342084533390889
23.5 -2.75e-05 -3.9e-05 -5.5e-05 0.00100530964914873 -0.000596902604182061 -0.000406661715714679
25 -3.12e-05 -1.07e-05 -3.23e-05 0.000200712863979348 -0.000642281164733913 -0.000291469985083053
26.5 -1.87e-05 -2.2e-06 -4.51e-05 -0.000342084533390889 -0.000708603676309698 -0.000134390352403563
28 -3.25e-05 -3.7e-05 -5.13e-05 0.000671951762017817 -0.000949459113084915 -0.000155334303427495
29.5 -1e-05 -1.9e-06 -8.99999999999995e-07 -0.00028623399732707 -0.000692895713041749 0.000137881010907552
31 2e-05 -9.5e-06 1.09e-05 -0.000809832772925369 -0.00052010811709431 0.000438077642250577
32.5 1.48e-05 -4.08e-05 -2.51e-05 -5.23598775598304e-06 -0.000420624349730633 0.000539306738866248
34 2.09e-05 -9.2e-06 1.27e-05 -0.00102101761241668 -0.000240855436775217 0.000694641042293743
35.5 2.74e-05 -2.93e-05 1.3e-06 -0.000649262481741891 -0.000268780704807127 0.000708603676309698
37 -7.2e-06 -3.18e-05 2.52e-05 -0.000780162175641465 -0.000253072741539178 0.00044331363000656
38.5 2.9e-05 -2.16e-05 -3.09999999999999e-06 -0.00132121424375971 -0.000307177948351002 0.000825540736193318
40 3.23e-05 -5e-05 -2.8e-05 -3.14159265358978e-05 -0.000493928178314395 0.000722566310325653
41.5 1.24e-05 -3.65e-05 -1.59999999999998e-06 -0.000891863247769102 -0.00120602251312808 -2.0943951023932e-05
43 -4.14e-05 -4.79e-05 -9.3e-06 -0.000872664625997165 -0.00153588974175501 -0.000874409955249159
44.5 -5.88e-05 -2.07e-05 3.57e-05 -0.00132645023151569 -0.00137531945057153 -0.000710349005561692
46 1.60000000000001e-06 4.5e-06 2.9e-05 -0.00202807259081741 -0.00100181899064475 0.00023387411976724
47.5 -1.2e-06 -3.66e-05 -1.24e-05 -0.000589921287174084 -0.000966912405604859 0.000219911485751286
49 -2.64e-05 -3.38e-05 3.8e-06 -0.000472984227290463 -0.000799360797413403 -0.000207694180987325
50.5 -1.05e-05 7.5e-06 5.8e-05 -0.0019687313962496 -0.00100007366139275 -0.000197222205475359
52 -8e-06 -5.5e-06 6.89e-05 -0.00191986217719376 -0.00122173047639603 -0.000218166156499291
53.5 -2.87e-05 -2.24e-05 4.41e-05 -0.00125663706143592 -0.00109606677025244 -0.000352556508902855
55 -7.4e-06 -4.8e-06 4.93e-05 -0.00168598805742652 -0.0010768681484805 8.20304748437336e-05
56.5 7.3e-06 -2.02e-05 3.34e-05 -0.00158301363155886 -0.00102101761241668 0.00016929693744345
58 -4.55e-05 -4.37e-05 2.97e-05 -0.000938987137572949 -0.00120776784238008 -0.000815068760681352
59.5 -6.75e-05 -3.41e-05 3.1e-05 -0.00137357412131954 -0.00160395758258279 -0.000966912405604859
61 -2.32e-05 -1.36e-05 4.56e-05 -0.00243997029428807 -0.0014172073526194 -0.000260054058547155
62.5 -2.83e-05 -3.99e-05 3.11e-05 -0.00124791041517595 -0.001539380400259 -2.0943951023932e-05
64 -3.9e-05 -2.92e-05 4.1e-05 -0.00133866753627965 -0.0011693705988362 -0.000214675497995302
65.5 9.02e-05 -2.62e-05 7.97e-05 -0.00285361332701073 -0.000251327412287183 0.00148527519344717
67 0.0001125 -5.07e-05 0.0001097 -0.00232477856365645 -0.000453785605518526 0.00205076187109334
68.5 1.37e-05 -2.46e-05 4.37e-05 -0.00254992603716372 -0.00070162235930172 0.000558505360638185
70 1.47e-05 -5.84e-05 3.42e-05 -0.00136484747505957 -0.000938987137572949 0.000719075651821664
71.5 6.50000000000001e-06 -2.5e-05 0.0001374 -0.00329169096926131 -0.00174881991049832 -0.00010471975511966
73 1.07e-05 -1.69999999999999e-06 0.0002413 -0.00503527489200364 -0.00339117473662498 -0.000958185759344887
74.5 1.54e-05 -6.32e-05 0.0001194 -0.00221133216227682 -0.00308923277602996 0.000102974425867665
76 1.32e-05 -5.66e-05 0.0001182 -0.00173485727648236 -0.00288328392429463 0.000486946861306418
77.5 2.24e-05 -1.58e-05 0.0001393 -0.00358665161284835 -0.00251851011062782 0.000558505360638185
79 3.56e-05 -3.42e-05 0.0001072 -0.00341386401690091 -0.0022479840765687 0.000799360797413403
80.5 4.01e-05 -3.84e-05 0.0001066 -0.00267035375555132 -0.00207519648062126 0.00080634211442138
82 9.6e-05 -1.6e-05 0.0001497 -0.00388684824419137 -0.00150970980297509 0.0006771877497738
83.5 0.000102 -4.57e-05 0.0001611 -0.00326027504272541 -0.00146084058391925 0.000909316540289046
85 0.0001189 -1.31e-05 0.0001925 -0.00383797902513553 -0.00089884456477708 0.0013840460968315
86.5 0.0001349 3.00000000000007e-07 0.0001937 -0.00442091899530164 -0.000764454212373516 0.00178023583703422
88 0.000156 -1.76e-05 0.0001794 -0.00345226126044478 -0.000682423737529783 0.00219213354050488
89.5 0.0001521 2.05e-05 0.0001814 -0.00405439985238283 -0.000333357887130917 0.00209788576089718
