16 8.19e-05 3.59e-05 8.9e-05 -0.00205599785884932 0.000593411945678072 0.00105243353895258
17.5 -2.16e-05 4.29e-05 -4.73e-05 -0.000509636141582344 -0.000179768912955416 -0.000293215314335047
19 0 0 0 0 0 0
20.5 2.16e-05 1.75e-05 4.47e-05 -0.000767944870877505 0.000260054058547155 0.00039095375244673
22 6.08e-05 2.44e-05 4e-05 -0.00161966554585074 0.000228638132011257 0.000710349005561692
23.5 5.44e-05 -3.1e-06 3.4e-05 -0.00105068820970059 -3.49065850398866e-06 0.000645771823237902
25 5.07e-05 2.52e-05 5.67e-05 -0.00185528499486997 -4.88692190558412e-05 0.000760963553869528
26.5 6.32e-05 3.37e-05 4.39e-05 -0.00239808239224021 -0.000115191730631626 0.000918043186549017
28 4.94e-05 -1.1e-06 3.77e-05 -0.0013840460968315 -0.000356047167406843 0.000897099235525085
29.5 7.19e-05 3.4e-05 8.81e-05 -0.00234223185617639 -9.94837673636768e-05 0.00119031454986013
31 0.0001019 2.64e-05 9.99e-05 -0.00286583063177469 7.33038285837618e-05 0.00149051118120316
32.5 9.67e-05 -4.9e-06 6.39e-05 -0.0020612338466053 0.000172787595947439 0.00159174027781883
34 0.0001028 2.67e-05 0.0001017 -0.003077015471266 0.000352556508902855 0.00174707458124632
35.5 0.0001093 6.6e-06 9.03e-05 -0.00270526034059121 0.000324631240870945 0.00176103721526228
37 7.47e-05 4.1e-06 0.0001142 -0.00283616003449079 0.000340339204138894 0.00149574716895914
38.5 0.0001109 1.43e-05 8.59e-05 -0.00337721210260903 0.00028623399732707 0.0018779742751459
40 0.0001142 -1.41e-05 6.1e-05 -0.00208741378538522 9.94837673636768e-05 0.00177499984927823
41.5 9.43e-05 -6e-07 8.74e-05 -0.00294786110661842 -0.00061261056745001 0.00103148958792865
43 4.05e-05 -1.2e-05 7.97e-05 -0.00292866248484648 -0.000942477796076938 0.000178023583703422
44.5 2.31e-05 1.52e-05 0.0001247 -0.00338244809036501 -0.00078190750489346 0.000342084533390889
46 8.35e-05 4.04e-05 0.000118 -0.00408407044966673 -0.000408407044966673 0.00128630765871982
47.5 8.07e-05 -7e-07 7.66e-05 -0.0026459191460234 -0.000373500459926787 0.00127234502470387
49 5.55e-05 2.1e-06 9.28e-05 -0.00252898208613978 -0.000205948851735331 0.000844739357965255
50.5 7.14e-05 4.34e-05 0.000147 -0.00402472925509892 -0.000406661715714679 0.000855211333477221
52 7.39e-05 3.04e-05 0.0001579 -0.00397586003604308 -0.000628318530717959 0.00083426738245329
53.5 5.32e-05 1.35e-05 0.0001331 -0.00331263492028524 -0.000502654824574367 0.000699877030049726
55 7.45e-05 3.11e-05 0.0001383 -0.00374198591627584 -0.000483456202802429 0.00113446401379631
56.5 8.92e-05 1.57e-05 0.0001224 -0.00363901149040818 -0.000427605666738611 0.00122173047639603
58 3.64e-05 -7.8e-06 0.0001187 -0.00299498499642227 -0.000614355896702004 0.000237364778271229
59.5 1.44e-05 1.8e-06 0.00012 -0.00342957198016886 -0.00101054563690472 8.55211333477221e-05
61 5.87e-05 2.23e-05 0.0001346 -0.00449596815313739 -0.000823795406941324 0.000792379480405426
62.5 5.36e-05 -4e-06 0.0001201 -0.00330390827402527 -0.000945968454580927 0.00103148958792865
64 4.29e-05 6.7e-06 0.00013 -0.00339466539512897 -0.000575958653158129 0.000837758040957278
65.5 0.0001721 9.7e-06 0.0001687 -0.00490961118586005 0.000342084533390889 0.00253770873239976
67 0.0001944 -1.48e-05 0.0001987 -0.00438077642250577 0.000139626340159546 0.00310319541004592
68.5 9.56e-05 1.13e-05 0.0001327 -0.00460592389601304 -0.000108210413623648 0.00161093889959077
70 9.66e-05 -2.25e-05 0.0001232 -0.00342084533390889 -0.000345575191894877 0.00177150919077424
71.5 8.84e-05 1.09e-05 0.0002264 -0.00534768882811063 -0.00115540796482025 0.000947713783832921
73 9.26e-05 3.42e-05 0.0003303 -0.00709127275085296 -0.00279776279094691 9.42477796076938e-05
74.5 9.73e-05 -2.73e-05 0.0002084 -0.00426733002112614 -0.00249582083035189 0.00115540796482025
76 9.51e-05 -2.07e-05 0.0002072 -0.00379085513533168 -0.00228987197861656 0.001539380400259
77.5 0.0001043 2.01e-05 0.0002283 -0.00564264947169767 -0.00192509816494975 0.00161093889959077
79 0.0001175 1.7e-06 0.0001962 -0.00546986187575023 -0.00165457213089062 0.00185179433636598
80.5 0.000122 -2.5e-06 0.0001956 -0.00472635161440064 -0.00148178453494319 0.00185877565337396
82 0.0001779 1.99e-05 0.0002387 -0.00594284610304069 -0.000916297857297023 0.00172962128872638
83.5 0.0001839 -9.8e-06 0.0002501 -0.00531627290157473 -0.000867428638241182 0.00196175007924163
85 0.0002008 2.28e-05 0.0002815 -0.00589397688398485 -0.000305432619099008 0.00243647963578408
86.5 0.0002168 3.62e-05 0.0002827 -0.00647691685415096 -0.000171042266695444 0.0028326693759868
88 0.0002379 1.83e-05 0.0002684 -0.0055082591192941 -8.90117918517108e-05 0.00324456707945746
89.5 0.000234 5.64e-05 0.0002704 -0.00611039771123215 0.000260054058547155 0.00315031929984976
91 0.0002559 3.53e-05 0.0002466 -0.00534419816960664 0.000202458193231342 0.00343306263867285
92.5 0.0002276 3.39e-05 0.0002494 -0.00486946861306418 0.000272271363311115 0.00319220720189763
94 0.0002314 6.63e-05 0.0002995 -0.00622733477111577 0.000251327412287183 0.00282219740047483
95.5 0.0002828 3.72e-05 0.0003277 -0.00618021088131192 -0.000380481776934764 0.00333706952981316
97 0.0002595 2.83e-05 0.0003275 -0.00573340659280137 -0.000270526034059121 0.00325503905496942
98.5 0.0002638 5.35e-05 0.0003323 -0.00671253630317019 1.74532925199433e-05 0.00325503905496942
100 0.00028 3.5e-05 0.0003242 -0.00695862772770139 -0.000115191730631626 0.00336848545634906
101.5 0.0002718 5.2e-06 0.0002827 -0.00598124334658457 -0.000258308729295161 0.00334405084682114
103 0.0002676 2.15e-05 0.0003008 -0.00685041731407774 0.00011693705988362 0.00342957198016886
104.5 0.0002843 2.09e-05 0.0003012 -0.00678758546100595 -0.000389208423194735 0.00375071256253581
106 0.0002754 2.85e-05 0.0003019 -0.00615228561328001 -0.000143116998663535 0.00362504885639222
107.5 0.0002741 6.58e-05 0.0003159 -0.0074176493209759 0.000317649923862968 0.00355523568631245
109 0.0003052 3.5e-05 0.0002923 -0.00659734457253857 6.80678408277788e-05 0.00388161225643539
110.5 0.0003033 1.96e-05 0.0002793 -0.00551698576555408 0.000151843644923507 0.0039706240482871
112 0.0002944 3.68e-05 0.0003123 -0.00671253630317019 0.000153588974175501 0.0036634460999361
113.5 0.0002823 1.71e-05 0.0003033 -0.00659036325553059 -0.00040317105721069 0.00365646478292812
115 0.0002213 1.7e-06 0.0002799 -0.0057264252757934 -0.000994837673636768 0.0032637657012294
116.5 0.0002988 4.24e-05 0.0003092 -0.00685390797258173 -6.98131700797732e-05 0.00380307244009564
118 0.0003634 3.42e-05 0.000301 -0.00662876049907446 -0.000719075651821664 0.00351858377202057
119.5 0.0002534 -8.5e-06 0.0002512 -0.00549255115602615 -0.00134739418253962 0.00251327412287183
121 0.0001793 -1.9e-06 0.0002636 -0.00562519617917772 -0.00152541776624304 0.00208741378538522
122.5 0.0002058 2.96e-05 0.0002971 -0.00709301808010496 -0.00169122404518251 0.00207345115136926
124 0.0002127 4.8e-06 0.0003333 -0.00725184304203644 -0.00124616508592395 0.00262322986574748
125.5 0.0002062 -3.8e-06 0.0003154 -0.0062796946486756 -0.00193382481120972 0.00279252680319093
127 0.000245 1.91e-05 0.0002844 -0.00685041731407774 -0.0016615534478986 0.00243822496503608
128.5 0.0002689 1.01e-05 0.0003017 -0.00755727566113545 -0.00191288086018579 0.00239808239224021
130 0.0002496 -2.14e-05 0.0002647 -0.00632332787997546 -0.00207345115136926 0.00250629280586386
131.5 0.0002311 3.1e-06 0.0002722 -0.0072937309440843 -0.00180990643431812 0.00241902634326414
133 0.0002397 1.51e-05 0.0002644 -0.00852418806674031 -0.00156206968053492 0.00194255145746969
134.5 0.0002601 -3.44e-05 0.000246 -0.00651182343919084 -0.00149400183970715 0.00245044226980004
136 0.0002755 9.4e-06 0.0002861 -0.00750666111282761 -0.00102625360017267 0.00237713844121628
137.5 0.000298 7.2e-06 0.0002971 -0.0071715578964447 -0.00116762526958421 0.00281347075421486
139 0.0002692 -8.7e-06 0.0003055 -0.00639314105005523 -0.00154287105876299 0.00299149433791828
140.5 0.000249 3.13e-05 0.0003321 -0.00787492558499841 -0.00141197136486341 0.00260403124397554
142 0.0002546 1.6e-06 0.0003012 -0.00687659725285766 -0.00182735972683806 0.00263195651200745
143.5 0.0002386 -2e-06 0.000297 -0.00623257075887175 -0.00196349540849362 0.00254294472015574
145 0.0002538 4.06e-05 0.0003244 -0.00788539756051038 -0.00153414441250302 0.00235444916094035
146.5 0.0002716 4e-07 0.0003022 -0.00683820000931378 -0.00160221225333079 0.00267558974330731
148 0.0002609 -1.22e-05 0.0003021 -0.00648913415891492 -0.00143291531588734 0.00258308729295161
149.5 0.0002864 -2e-07 0.000328 -0.00749095314955966 -0.00128107167096384 0.00234223185617639
151 0.0002881 -3.43e-05 0.0002917 -0.0064315382935991 -0.00150621914447111 0.00257436064669164
152.5 0.0002854 1.41e-05 0.000306 -0.00765675942849912 -0.000998328332140756 0.00259006860995959
154 0.0002957 9.6e-06 0.0002919 -0.00775449786661081 -0.00104196156344061 0.00239633706298821
155.5 0.0002711 -1.54e-05 0.00027 -0.00621162680784782 -0.00106988683147252 0.00244695161129605
157 0.000264 3.31e-05 0.0003299 -0.00737052543117205 -0.00083426738245329 0.0023998277214922
158.5 0.0003051 3.9e-05 0.0003227 -0.00746302788152775 -0.00104196156344061 0.00259181393921158
160 0.0002861 2.29e-05 0.0003275 -0.00654498469497874 -0.00063704517697793 0.00312937534882583
161.5 0.0002631 3.65e-05 0.0003574 -0.00746302788152775 -0.00101229096615671 0.00288502925354663
163 0.0003061 3.28e-05 0.0003443 -0.00776147918361878 -0.000799360797413403 0.00311192205630589
164.5 0.0003263 1.63e-05 0.0003357 -0.00691324916714954 -0.000776671517137477 0.00355523568631245
166 0.0003098 3.07e-05 0.0003656 -0.00756949296589941 -0.00096342174710087 0.00328470965225333
167.5 0.000312 -4e-06 0.0003444 -0.0065257860732068 -0.0017243853009704 0.00282568805897882
169 0.0003219 -1.45e-05 0.0003177 -0.00623955207587973 -0.00145211393765928 0.00327947366449735
170.5 0.0003135 1.98e-05 0.0003385 -0.0074804811740477 -0.00096342174710087 0.00308574211752597
172 0.0003525 1.88e-05 0.0003393 -0.00771610062306693 -0.00122347580564802 0.00305956217874606
173.5 0.0003464 -3e-06 0.0003544 -0.00704065820254512 -0.00135088484104361 0.00294087978961045
175 0.0003418 1.32e-05 0.0003723 -0.00801106126665397 -0.00122347580564802 0.00278903614468694
176.5 0.0003712 -5.9e-06 0.0003483 -0.00720820981073658 -0.00106639617296854 0.00314857397059777
178 0.000372 3.26e-05 0.0003711 -0.00834965514154087 -0.000617846555205993 0.00324456707945746
179.5 0.0003783 2.21e-05 0.000349 -0.00829380460547705 -0.00078190750489346 0.00340513737064094
181 0.0003499 -8.6e-06 0.0003066 -0.00665494043785438 -0.000801106126665397 0.00330914426178125
182.5 0.0003727 3.18e-05 0.0003858 -0.00807563844897776 -0.000427605666738611 0.00388684824419137
184 0.0003655 1.63e-05 0.0003609 -0.00746128255227576 -0.000605629250442032 0.00438426708100976
185.5 0.0002999 -5.6e-06 0.000287 -0.00611737902824012 -0.00126361837844389 0.00433190720344993
187 0.0003478 4.81e-05 0.0003589 -0.00814894227756153 -0.000432841654494594 0.00378910980607969
188.5 0.0003623 3.94e-05 0.0003315 -0.0082170101183893 -0.000657989128001862 0.00379783645233966
190 0.0003262 -5.3e-06 0.000311 -0.00654673002423073 -0.00105417886820458 0.00423940475309423
191.5 0.0002943 1.32e-05 0.0003303 -0.00764628745298716 -0.00139102741383948 0.00391651884147528
193 0.0003165 1.19e-05 0.0003624 -0.00840026968984871 -0.00155857902203094 0.00345226126044478
194.5 0.000273 -1.61e-05 0.0003053 -0.00711919801888487 -0.00161617488734675 0.00316602726311771
196 0.0002803 -1e-06 0.0002875 -0.00681376539978586 -0.00158475896081085 0.00329518162776529
197.5 0.0003521 3e-05 0.0003272 -0.00849102681095241 -0.000747000919853573 0.00374024058702385
199 0.0003617 -1.87e-05 0.0003112 -0.00774926187885482 -0.000897099235525085 0.00446978821435748
200.5 0.000317 -5.23e-05 0.0002452 -0.00689055988687361 -0.00119729586686811 0.00370184334347997
202 0.0003212 -2.2e-05 0.0002964 -0.00813497964354557 -0.0012007865253721 0.00333881485906515
203.5 0.0003138 -9.5e-06 0.0003342 -0.00775100720810682 -0.00126012771993991 0.00348367718698068
205 0.0002574 -2.23e-05 0.0003033 -0.00669857366915424 -0.00140499004785544 0.00304909020323409
206.5 0.0002632 1.27e-05 0.0003137 -0.0078470003169665 -0.00160395758258279 0.00293564380185446
208 0.0002396 -1.51e-05 0.0002683 -0.0070476395195531 -0.00171042266695444 0.00276285620590702
209.5 0.0002162 -2.06e-05 0.0002768 -0.00667413905962632 -0.00158824961931484 0.00257261531743964
211 0.0001992 1.56e-05 0.0002799 -0.00738623339444 -0.00117460658659218 0.00223925743030872
212.5 0.0001923 3.52e-05 0.0002635 -0.0090198615743067 -0.00102625360017267 0.00170344134994647
214 0.0001564 -4.99e-05 0.0001313 -0.00503352956275165 -0.0014172073526194 0.00138753675533549
215.5 0.0001105 -2.69e-05 0.0001861 -0.00659036325553059 -0.00204378055408536 0.00110304808726042
217 0.000133 4.4e-05 0.0002858 -0.00916472390222223 -0.00160395758258279 0.00110479341651241
218.5 0.0001517 1.68e-05 0.0002561 -0.0083426738245329 -0.00152018177848706 0.00119729586686811
220 0.0001586 4.76e-05 0.0002801 -0.00815068760681352 -0.00127234502470387 0.00155508836352695
221.5 0.0001825 8.79e-05 0.0003053 -0.00889070720965911 -0.00110130275800842 0.00182735972683806
223 0.0001736 4.29e-05 0.0002846 -0.00748920782030767 -0.00125663706143592 0.00186575697038194
224.5 0.0001746 6.85e-05 0.0003403 -0.00822573676464928 -0.00131248759749974 0.00179943445880615
226 0.0001961 7.24e-05 0.0003491 -0.00848753615244842 -0.00140673537710743 0.00208566845613322
227.5 0.0002175 4.5e-05 0.0003372 -0.00773180858633488 -0.00147480321793521 0.00231256125889249
229 0.000248 7.45e-05 0.0003929 -0.00903906019607863 -0.00118507856210415 0.00254119939090374
230.5 0.0002679 4.85e-05 0.0003571 -0.00837408975106879 -0.00135961148730358 0.00309097810528196
232 0.0002607 3.24e-05 0.0003492 -0.00804247719318987 -0.00146782190092723 0.00340688269989293
233.5 0.0002321 3.53e-05 0.0003577 -0.00915250659745826 -0.00113446401379631 0.00300545697193424
235 0.000185 7.1e-06 0.0003552 -0.00856083998103219 -0.00164584548463065 0.00176627320301826
236.5 0.0002208 1.55e-05 0.0003357 -0.00816290491157748 -0.00145560459616327 0.00163711883837068
238 0.0002524 5.2e-05 0.0003598 -0.00936892742470556 -0.00116064395257623 0.00186052098262596
239.5 0.000264 2.23e-05 0.0003099 -0.00867603171166381 -0.00105417886820458 0.00229161730786855
241 0.0002583 2.26e-05 0.0003289 -0.00867079572390783 -0.00115366263556825 0.00218689755274889
242.5 0.0002897 4.28e-05 0.0003356 -0.00933751149816966 -0.000769690200129499 0.00239808239224021
244 0.0003119 2.05e-05 0.000323 -0.00831474855650099 -0.000722566310325652 0.00303687289847013
245.5 0.000273 4.65e-05 0.0003767 -0.00952600705738505 -0.00068940505453776 0.00239284640448423
247 0.0002432 2.04e-05 0.0003608 -0.00906349480560655 -0.00129677963423179 0.0021240656996771
248.5 0.0001733 1.76e-05 0.000354 -0.00862018117559999 -0.00123394778115999 0.00134564885328763
250 0.0001132 5.01e-05 0.00042 -0.0102485733677107 -0.00159174027781883 0.000392699081698724
251.5 0.0001717 2.32e-05 0.0003769 -0.00939859802198946 -0.00158301363155886 0.000966912405604859
253 0.0001516 7.7e-06 0.000342 -0.00828158730071309 -0.00219038821125288 0.00101229096615671
254.5 0.0001481 3.51e-05 0.0003549 -0.00903382420832265 -0.00184306769010601 0.00119205987911213
256 0.0001815 5.36e-05 0.0003507 -0.00985936494451597 -0.00111701072127637 0.00133692220702766
257.5 0.000209 1.1e-05 0.0003116 -0.00854513201776424 -0.00147480321793521 0.0017226399717184
259 0.0002069 2.96e-05 0.0003178 -0.00941605131450941 -0.00121998514714404 0.00166853476490658
260.5 0.0002235 1.01e-05 0.0002904 -0.00937939940021753 -0.00109083078249646 0.00177150919077424
262 0.000228 2e-07 0.0003019 -0.00847706417693646 -0.00136310214580757 0.00183608637309803
263.5 0.00024 5.04e-05 0.0003518 -0.00934100215667365 -0.0014172073526194 0.00178198116628621
265 0.0002009 2.19e-05 0.0003325 -0.00845437489666053 -0.00183783170235003 0.00161792021659874
266.5 0.0001848 2.02e-05 0.0003482 -0.00827111532520113 -0.00207868713912525 0.0018779742751459
268 0.0002035 4.9e-05 0.0003887 -0.00925024503556995 -0.00194255145746969 0.00203505390782539
269.5 0.0002144 3.81e-05 0.0003892 -0.00931831287639773 -0.00201760061530544 0.00193731546971371
271 0.0002056 1.5e-05 0.0003448 -0.00851371609122834 -0.00197396738400559 0.00187971960439789
272.5 0.0001798 3.94e-05 0.0003307 -0.00853989603000825 -0.00177325452002624 0.00154461638801498
274 0.0001616 4.29e-05 0.0003341 -0.00863763446811994 -0.0020629791758573 0.000694641042293743
275.5 8.84e-05 5.3e-06 0.000297 -0.00758694625841935 -0.00312588469032184 -0.000214675497995303
277 3.75e-05 7.8e-06 0.0002569 -0.00764279679448317 -0.00339815605363296 -0.000762708883121522
278.5 8.13e-05 1.31e-05 0.0002723 -0.00875457152800356 -0.00296182374063438 -0.000368264472170804
280 0.0001031 -1.51e-05 0.0002558 -0.00805120383944984 -0.00307177948351002 1.74532925199433e-06
281.5 0.0001053 -7.9e-06 0.0002489 -0.00794299342582619 -0.00284314135149876 0.000160570291183478
283 0.0001458 4.11e-05 0.000276 -0.00945793921655727 -0.00188495559215388 0.000631809189221947
284.5 0.0001725 2.74e-05 0.0002602 -0.00945270322880129 -0.00152018177848706 0.000808087443673375
286 0.0001626 1.13e-05 0.0002624 -0.00876329817426353 -0.00170518667919846 0.000726056968829641
287.5 0.0001845 5.38e-05 0.0003085 -0.0100059726016835 -0.00133866753627965 0.000808087443673375
289 0.0001807 2.9e-05 0.0002854 -0.00868650368717578 -0.00151145513222709 0.000907571211037051
290.5 0.0001884 7.47e-05 0.0003576 -0.00963770812951269 -0.00124267442741996 0.00109955742875643
292 0.0001499 7.14e-05 0.0003142 -0.0089570297212349 -0.00145560459616327 0.00056025068989018
293.5 5.86e-05 3.87e-05 0.0002764 -0.00774053523259485 -0.00247313155007596 -8.02851455917392e-05
295 8.16e-05 7.18e-05 0.0003318 -0.00895877505048689 -0.00231081592964049 1.91986217719376e-05
296.5 6.2e-05 6.51e-05 0.0002855 -0.00836187244630483 -0.00254469004940773 -0.000394444410950718
298 1.26e-05 4.32e-05 0.000249 -0.00713316065290082 -0.00306828882500603 -0.000736528944341607
299.5 1.74e-05 4.99e-05 0.0002706 -0.00725882435904442 -0.00302640092295817 -0.000619591884457987
301 2.82e-05 7.15e-05 0.0002915 -0.00870744763819971 -0.00255865268342369 -0.00074176493209759
302.5 6.2e-05 4.82e-05 0.0002764 -0.00838805238508475 -0.00245044226980004 -0.000418879020478639
304 6.2e-05 3.73e-05 0.0002552 -0.00761661685570325 -0.00256912465893565 -0.000335103216382911
305.5 9.65e-05 5.95e-05 0.0002986 -0.00898146433076282 -0.00218340689424491 8.72664625997165e-06
307 0.0001212 8.3e-06 0.0002536 -0.00838456172658076 -0.00214151899219704 0.000364773813666815
308.5 7.04e-05 -1.99e-05 0.0002339 -0.00736354411416408 -0.0025865779514556 7.67944870877505e-05
310 9.53e-05 2.73e-05 0.0002725 -0.00888372589265114 -0.00220435084526884 5.23598775598299e-05
311.5 0.0001256 1.01e-05 0.0002638 -0.00847531884768446 -0.00242077167251613 -9.77384381116824e-05
313 0.0001129 -9.1e-06 0.0002442 -0.00754331302711949 -0.00207170582211727 -7.15584993317675e-05
314.5 0.0003367 4.98e-05 0.0003495 -0.00961676417848876 -0.000191986217719376 0.00310494073929791
