16 0.000318 0.0008076 0.0007014 -0.0636888097345251 0.00548033385126219 -0.000668461103513828
17.5 5.34e-05 0.0002637 -0.0003545 0.0282673525653002 0.0065868725970266 -0.00655196601198671
19 0 0 0 0 0 0
20.5 0.0002701 0.0008027 0.0009113 -0.0870884390160131 -0.00568802803224952 0.00414515697348653
22 0.0002313 0.0007603 0.0008363 -0.0722444137278013 -0.00425511271636218 0.00388161225643539
23.5 -0.0003226 0.0007757 0.0009202 -0.0738501166396361 -0.000335103216382911 -0.009850638298256
25 -0.0003482 0.0008309 0.0010086 -0.0752428893827275 -0.000579449311662117 -0.0123394778115999
26.5 -0.0001551 0.0007991 0.0009346 -0.0752027468099317 0.00211533905341713 -0.0079098321700383
28 7.15e-05 0.0007515 0.0009382 -0.0749775993364244 0.00375245789178781 -0.00653451271946677
29.5 0.0001885 0.0007904 0.0010599 -0.0746075895350016 0.00630412925820352 -0.0101072016982992
31 -1.74e-05 0.0009577 0.0011998 -0.0811316302789564 0.00610341639422417 -0.00975289986014431
32.5 8.29e-05 0.0008197 0.0009449 -0.0746093348642536 0.00611737902824012 -0.00427605666738611
34 0.0004127 0.000901 0.0010283 -0.0813899390082516 0.00706858347057704 0.00314682864134578
35.5 0.0005124 0.0010218 0.0015072 -0.101314617749019 0.00701273293451322 0.00432667121569394
37 0.000394 0.0009603 0.001347 -0.0958465012025206 0.00502305758723968 0.00331263492028524
38.5 0.0003452 0.0008176 0.0009769 -0.0848038030251525 0.00253945406165175 0.00336848545634906
40 0.0003465 0.0006708 0.000843 -0.0755186514045426 0.00285012266850674 0.00332834288355319
41.5 0.0003584 0.0007388 0.0008514 -0.0819449537103858 0.00143640597439133 0.00442266432455363
43 0.000391 0.0008177 0.0009735 -0.0867358825071102 -0.00174532925199433 0.0053860860716545
44.5 0.000394 0.0007732 0.0009265 -0.0825610549363398 -0.000171042266695444 0.00516617458590321
46 0.0003725 0.0007416 0.0008987 -0.0804998210897345 0.000589921287174083 0.00470366233412472
47.5 0.0003739 0.0007789 0.0009386 -0.081255548655848 0.00078190750489346 0.0047088983218807
49 0.0003433 0.0008451 0.0010199 -0.0828158730071309 0.00144338729139931 0.00471587963888868
50.5 0.0003264 0.0008171 0.0010428 -0.0832155534058376 0.00128281700021583 0.00495848040491589
52 0.0003659 0.0008813 0.0010237 -0.0908356609200449 0.00229859862487653 0.00487295927156817
53.5 0.0001874 0.0004251 0.0003258 -0.0417988902560122 -0.000546288055874225 0.000788888821901437
55 0.0001053 0.0004252 0.0012259 -0.00331088959103324 -0.000383972435438752 0.00177499984927823
56.5 0.0002218 0.0004389 0.001491 -0.00410152374218667 0.00221831347928479 0.00670555498616221
58 0.0001329 0.0001605 0.0008157 0.00541924732744239 0.00478569280896845 0.00124791041517595
59.5 0.0002272 0.0006469 0.0005511 -0.0614949308647682 5.23598775598299e-05 0.00309097810528196
61 0.0002106 0.00045 0.0004407 -0.0581491346886951 -0.00197396738400559 0.00345924257745276
62.5 0.0001918 0.0005464 0.0003284 -0.0605960862999911 -0.00509810674507544 0.00404392787687086
64 0.0001949 0.0005622 0.0004296 -0.0619260271900108 -0.00432318055718995 0.00386939495167143
65.5 0.0001946 0.0006046 0.0004817 -0.0627271333166762 -0.00429700061841004 0.00388510291493938
67 0.0002355 0.0006706 0.0007374 -0.0636399405154692 -0.00226718269834063 0.0052639130240149
68.5 0.0002598 0.0006994 0.001104 -0.0613535591953567 0.000944223125328932 0.00595680873705665
70 0.000238 0.0007458 0.0011257 -0.070176198564188 0.00172962128872638 0.00572817060504539
71.5 0.0002766 0.000791 0.0011011 -0.0735429386912851 0.00233699586842041 0.00635125314800737
73 0.0002859 0.0007407 0.0011009 -0.072340406836661 0.00300196631343025 0.00634427183099939
74.5 0.0003225 0.0008224 0.0014413 -0.0721937991794935 0.00403869188911488 0.00662352451131848
76 0.0003475 0.0007275 0.0014982 -0.0689981013190918 0.00518188254917116 0.00736703477266806
77.5 0.0003296 0.0006177 0.0011726 -0.0688427670156643 0.00499513231920777 0.00738099740668402
79 0.0003277 0.0006577 0.0011677 -0.0693052792674428 0.00465304778581688 0.00721170046924057
80.5 0.000308 0.0005826 0.00102 -0.0676594337828122 0.00439822971502571 0.00679282144876193
82 0.0003062 0.0005745 0.0009646 -0.0673662184684771 0.0043388885204579 0.00647866218340295
83.5 0.0002886 0.0005831 0.0009915 -0.0680573688522669 0.00408756110817072 0.00629191195343956
85 0.0003191 0.0007193 0.001244 -0.068631582176173 0.00466875574908483 0.00695862772770139
86.5 0.0003018 0.0006786 0.0013111 -0.0688480030034203 0.00526914901177088 0.00701447826376521
88 0.0002976 0.0007081 0.0012164 -0.0708446596677018 0.00454134671368925 0.00683121869230581
89.5 0.0003054 0.0007042 0.0011941 -0.0709057461915216 0.00441393767829366 0.00693942910592945
91 0.000295 0.000639 0.0011073 -0.0688270590523964 0.00439124839801773 0.00671777229092617
92.5 0.0002865 0.0006448 0.0009678 -0.0700173736022565 0.00435285115447386 0.00673348025419412
94 0.0002798 0.000617 0.0009898 -0.0699056725301289 0.00407534380340676 0.00615054028402802
95.5 0.0002741 0.0006581 0.0010015 -0.0705287550730909 0.00435808714222984 0.00610865238198015
97 0.0002719 0.0006258 0.0010016 -0.0706997973397863 0.00429874594766203 0.00615752160103599
98.5 0.0002714 0.0005874 0.0009722 -0.068957958746296 0.00393571746324721 0.00597949801733257
100 0.0003016 0.0006264 0.0009989 -0.0689684307218079 0.00479441945522842 0.00575260521457331
101.5 0.0004903 0.0009479 0.001489 -0.102970935209161 0.00653800337797076 0.00951553508187309
103 0.0004673 0.0010781 0.0016686 -0.110264666153246 0.00622384411261178 0.00925199036482194
104.5 -0.0010167 0.0012461 0.0015718 -0.0990701243309541 0.00644550092761506 -0.0387044214922263
106 -0.001446 0.0010859 0.0014554 -0.0873624557085762 0.00983493033498805 -0.0529707427980279
107.5 0.0028822 0.0009729 0.0015082 -0.0827635131295711 0.0282900418455761 0.0482932604026831
109 0.0031043 0.0008175 0.0014302 -0.076654860747591 0.0172822502532479 0.0407045688150117
110.5 0.0015559 0.0007307 0.001184 -0.081567962591955 -0.00160221225333079 0.0139085288091428
112 0.0039562 0.0012884 0.0018989 -0.0880501154338619 0.00705985682431706 0.0601143754264407
113.5 0.0021036 0.0007634 0.0012506 -0.0664237406724002 0.0143675504024173 0.0125105200782954
115 -0.0017641 0.0007435 0.0011013 -0.0501450547390491 0.0159313654122042 -0.0708306970336859
116.5 -0.0013337 0.0006027 0.0008003 -0.0489233242626531 0.0229632969684894 -0.0425895244071656
118 4.96e-05 0.0004555 0.0004141 -0.0463158023601735 0.0263370184125944 -0.00923628240155399
119.5 2.32e-05 0.0003242 0.0004457 -0.0399715305291741 0.0252025543987981 -0.00898320966001481
121 5.31e-05 0.0002766 0.0002763 -0.0324212361850467 0.0201358635802586 -0.00798488132787406
122.5 0.0001084 0.0007197 0.0005145 -0.0638109827821647 0.0164270389197706 -0.00354127305229649
124 8.76e-05 0.0007479 0.0003663 -0.0607496752741666 0.01661902513749 -0.00269478836507925
125.5 5.82e-05 0.0004116 0.0003115 -0.0439351732604533 0.0169122404518251 -0.00559028959413784
127 0.0001088 0.0005245 0.000447 -0.0565661210571362 0.0158406082911005 -0.00336848545634906
128.5 0.0001739 0.0006507 0.0004693 -0.0664307219894082 0.0163397724571709 -0.000769690200129499
130 0.0001461 0.0004794 0.0004588 -0.0566987660802878 0.0163554804204389 -0.00180990643431812
131.5 0.0001276 0.0005118 0.0004423 -0.0603657028387279 0.0168878058422971 -0.00185528499486997
133 0.0001853 0.0006194 0.0005372 -0.0675756579787165 0.0152157804188866 -0.00161268422884276
134.5 0.000214 0.0007909 0.0003888 -0.0611231757340934 0.017236871692696 -0.00221133216227682
136 0.0001806 0.0007196 0.0001398 -0.0551698576555408 0.0168703525497772 -0.002771582852167
137.5 0.0001479 0.0005531 0.0002952 -0.0536252412675258 0.0141965081357219 -0.00265988178003936
139 0.0001482 0.0007119 0.0004834 -0.0672457907500895 0.015069172761719 -0.00035081117965086
140.5 0.0001605 0.0007024 0.0005721 -0.0689701760510599 0.0162525059945712 -0.000188495559215388
142 0.0001628 0.0006915 0.0005383 -0.0700208642607605 0.01662775178375 -0.000226892802759263
143.5 0.000171 0.0004936 0.0004425 -0.0567685792503676 0.016631242442254 -0.00196175007924163
145 0.0001118 0.0004464 0.0003325 -0.0521294940985666 0.0161600035442155 -0.00310494073929791
146.5 9.71e-05 0.0004564 0.0002068 -0.0526007329966051 0.0145508099738767 -0.00352731041828054
148 0.0001579 0.0005802 0.0001998 -0.0571089184545065 0.0144844874623009 -0.00256388867117967
149.5 0.0001995 0.0005652 0.0001734 -0.0545171045152949 0.0153693693930621 -0.00227067335684462
151 0.0001787 0.0004345 0.0001788 -0.0500682602519613 0.0149592170188434 -0.00252025543987981
152.5 0.000195 0.000506 0.0001603 -0.0522307231951823 0.0151983271263666 -0.00247313155007596
154 0.0001769 0.0005444 0.0001571 -0.0527194153857407 0.0145909525466726 -0.0025551620249197
155.5 0.00019 0.0005816 0.0001594 -0.0565381957891043 0.0146904363140363 -0.00262497519499947
157 0.0001983 0.000569 9.83e-05 -0.0542081812376919 0.0156608393781451 -0.00277681883992298
158.5 0.0001797 0.0006557 0.0001079 -0.0592190215201676 0.0148161000201799 -0.00198269403026556
160 0.0001776 0.0007616 0.0002827 -0.0709319261303015 0.0151756378460907 -0.000474729556542458
161.5 0.0001591 0.000516 0.0002204 -0.0610079840034618 0.0141284402948941 -0.00159523093632282
163 0.0001693 0.0006139 0.000158 -0.0605262731299114 0.0130986960362174 -0.00137531945057153
164.5 0.0001888 0.0007465 0.0002992 -0.0713333518582602 0.013236577047125 4.18879020478639e-05
166 0.0001919 0.0007183 0.0002312 -0.0693087699259468 0.0132784649491729 0.000291469985083053
167.5 0.0001607 0.0007745 0.0002019 -0.0727854657959195 0.01168323401285 0.000745255590601579
169 0.0001094 0.0007633 8.16e-05 -0.0678165134154917 0.0100321525404634 0.000394444410950718
170.5 6.91e-05 0.0007639 6.71e-05 -0.0736459131171527 0.00678584013175395 0.00143466064513934
172 0.0001791 0.0007122 0.0002131 -0.0697259036171735 0.011397000015523 0.00119729586686811
173.5 0.0002139 0.000628 0.0002481 -0.0701168573696202 0.0121405102768726 0.000713839664065681
175 0.0001491 0.0004386 0.0002426 -0.0608962829313342 0.010775662801813 -0.00070162235930172
176.5 0.0001279 0.0004638 0.0002634 -0.0579885643975116 0.0106133471813775 -0.000722566310325652
178 0.0001325 0.0004204 0.0002173 -0.0576255359130968 0.0101054563690472 -0.000743510261349584
179.5 0.0001352 0.0004597 0.0003042 -0.0594790755787148 0.0105958938888576 -0.00101403629540871
181 0.0001348 0.0004476 0.0002539 -0.0589746754248884 0.0105557513160617 -0.000938987137572949
182.5 0.0001319 0.0003826 0.0002445 -0.0580671042138513 0.0105627326330697 -0.000820304748437335
184 0.0001344 0.0004484 0.0002639 -0.0590741591922521 0.0105365526942898 -0.00080634211442138
185.5 0.0001371 0.0004607 0.0002504 -0.0589397688398485 0.0106098565228735 -0.000876155284501153
187 0.0001378 0.0004568 0.0002964 -0.0598351227461216 0.010787880106577 -0.000766199541625511
188.5 0.0001275 0.0004333 0.0002031 -0.0587599999268931 0.010451031560942 -0.000972148393360842
190 0.0001198 0.0004281 0.0002705 -0.0594371876766669 0.0106499990956694 -0.00131597825600372
191.5 0.0001206 0.0004558 0.000271 -0.0596466271869062 0.01046673952421 -0.00134739418253962
193 0.0001502 0.0005707 0.0003019 -0.0648215284190694 0.0112713363093794 -0.00010471975511966
194.5 0.0001704 0.0004988 0.0001873 -0.0636329591984613 0.0109275064467365 6.28318530717959e-05
196 0.000166 0.0005158 0.0001976 -0.0641391046815396 0.0105016461092499 1.22173047639603e-05
197.5 0.0001683 0.0004583 0.0001975 -0.0623326889057255 0.0102154121119228 5.75958653158129e-05
199 0.0001764 0.0004407 0.0002144 -0.060931189516374 0.0100583324792433 9.94837673636768e-05
200.5 0.0001813 0.0004343 0.0001595 -0.0605297637884153 0.0105016461092499 0.000389208423194735
202 6.93e-05 0.0004215 0.0002795 -0.0623396702227335 0.0105732046085816 -0.0015079644737231
203.5 3.06e-05 0.0004905 0.0003481 -0.0633763957984181 0.0106116018521255 -0.00150098315671512
205 0.0001019 0.0005256 0.0002987 -0.0654690455715593 0.0105784405963376 1.74532925199433e-05
206.5 0.0001106 0.0004973 0.000325 -0.0661567052968451 0.0107372655582691 3.14159265358979e-05
208 0.0001079 0.0005001 0.0003064 -0.0648773789551332 0.0105103727555099 1.22173047639603e-05
209.5 0.0001053 0.0005032 0.0003067 -0.0650711105021046 0.0103201318670425 0.000108210413623648
211 0.000119 0.0005054 0.0003757 -0.0665197337812599 0.0106796696929533 8.37758040957278e-05
212.5 5.03e-05 0.0003419 0.0001238 -0.0487470460082016 0.00789761486527434 -0.00104196156344061
214 3.76e-05 0.0004948 -2.84e-05 -0.0540703002267843 0.00673697091269811 -0.000270526034059121
215.5 0.0001049 0.0003993 7.05e-05 -0.056313048315597 0.00739845069920396 -0.000328121899374934
217 0.0001034 0.0005738 0.0001153 -0.0598839919651774 0.00766199541625511 0.000565486677646163
218.5 4.43e-05 0.0005903 -0.0002098 -0.0448951043490501 0.00655371134123871 -0.000322885911618951
220 4.81e-05 0.0003496 -0.000111 -0.0344527994343681 0.00562868683768171 -0.000731292956585624
221.5 -2.46e-05 0.0003728 -0.0001514 -0.03571467248356 0.00676664150998202 -0.00205076187109334
223 -5.58e-05 0.0003801 -5.26e-05 -0.0422125332887349 0.00360410490536829 -0.000895353906273091
224.5 1.66e-05 0.0002469 0.000165 -0.0490821492245845 0.00412246769321061 -0.00018151424220741
226 0.0001692 0.0008437 0.0010087 -0.0965551048788303 0.0106988683147252 0.00202458193231342
227.5 0.0001914 0.0007842 0.0006684 -0.0911288762343799 0.00969006800707252 0.00305083553248609
229 0.0001615 0.0006754 0.0007046 -0.0854024509585865 0.0100722951132593 0.002462659574564
230.5 0.0001948 0.0006859 0.0006953 -0.0860133161967846 0.0102904612697586 0.00259006860995959
232 0.0002002 0.0006427 0.000647 -0.0846292700999531 0.0101176736738111 0.00273667626712711
233.5 0.0001412 0.0007082 0.0009623 -0.0902911181934227 0.0097267199213644 0.00128107167096384
235 -1.05e-05 0.0011862 0.0021738 -0.127557388382006 0.00765326876999513 -0.000247836753783195
236.5 -5.57e-05 0.0011996 0.0021076 -0.129648292825895 0.00709825406786094 -0.00056025068989018
238 9.4e-06 0.0009559 0.0016605 -0.11564202557864 0.00790285085303032 0.000363028484414821
239.5 3.95e-05 0.0008744 0.0013174 -0.108091731234513 0.0085573493225282 0.000719075651821664
241 3.86e-05 0.0008337 0.0013638 -0.105931013620544 0.00867777704091581 0.00109781209950443
242.5 -9.44e-05 0.0010289 0.0018397 -0.119549817773856 0.00728849495632832 -0.00016929693744345
244 -0.0002524 0.0014399 0.0023886 -0.141413557313589 0.00370882466048795 -0.00113271868454432
245.5 -0.000292 0.0014541 0.0027793 -0.145721029907511 0.0027384215963791 -0.0016301375213627
247 -0.0002054 0.0011747 0.0020034 -0.120895466627143 0.00386590429316744 0.000357792496658838
248.5 5.6e-06 0.0009461 0.0005298 -0.0882543189563453 0.0049864056729478 0.00318522588488965
250 3.81e-05 0.0013805 0.0016411 -0.137952569406884 0.00324456707945746 0.00317475390937769
251.5 6.22e-05 0.0010961 0.0013842 -0.111372950228262 0.00423242343608625 0.000452040276266531
253 0.0001545 0.0014141 0.0012811 -0.1268522753642 0.0050492375260196 0.0040613811693908
254.5 0.0001042 0.001329 0.0022344 -0.141727716578948 0.00463908515180093 0.00159872159482681
256 9.89e-05 0.0012584 0.0018471 -0.132796866796493 0.00499513231920777 0.00134215819478364
257.5 0.0001371 0.0010109 0.0015061 -0.116483274278102 0.00573166126354938 0.00161442955809475
259 0.000168 0.0008458 0.0009551 -0.101703826172214 0.00605978316292431 0.00273144027937113
260.5 0.0001588 0.0008066 0.0009436 -0.100478605037314 0.00591317550575679 0.00294087978961045
262 0.0001726 0.0008503 0.0009461 -0.102038929388596 0.00577005850709325 0.00309621409303794
263.5 9.53e-05 0.0008058 0.0009773 -0.0972218206530921 0.00653974870722275 0.00216595360172496
265 -0.0004858 0.001009 0.0017305 -0.108226121586916 0.0158720242176364 -0.00650833278068685
266.5 -0.0010683 0.0016835 0.0030285 -0.140403011676684 0.027687903253638 -0.019402825294421
268 -0.0008629 0.0018171 0.0034141 -0.146780444763471 0.023689353937319 -0.0118979095108453
269.5 -0.00017 0.0010682 0.0014454 -0.109334405661933 0.0153588974175501 -0.00039095375244673
271 8.81e-05 0.0009324 0.0010952 -0.102696918516598 0.0113638387597351 0.00154112572951099
272.5 8.05e-05 0.0009801 0.0013227 -0.10337236093712 0.0107093402902372 0.0025534166956677
274 6.41e-05 0.0009122 0.0013667 -0.0999672235664792 0.0127374128810546 0.00197396738400559
275.5 7.11e-05 0.0008793 0.0010986 -0.0999392982984473 0.011684979342102 0.00212057504117311
277 7.34e-05 0.0008482 0.0010559 -0.0996286296915923 0.0114964837828866 0.00253421807389577
278.5 7.13e-05 0.0008449 0.0010013 -0.097270689872148 0.0119223441203733 0.00243647963578408
280 6.91e-05 0.0008236 0.0009375 -0.0976668796123507 0.0111037847011879 0.00256214334192768
281.5 2.99e-05 0.0007903 0.0009838 -0.097572631832743 0.0115750235992264 0.00220260551601684
283 6.87e-05 0.0008376 0.0008331 -0.0973230497497078 0.0112242124195755 0.00172613063022239
284.5 0.0001966 0.0012314 0.0013222 -0.123949792818133 0.0101211643323151 0.0041538836197465
286 0.0001779 0.0011484 0.001586 -0.119082069534321 0.00924151838930997 0.00324107642095347
287.5 0.0001367 0.0010558 0.0012693 -0.105496426636797 0.00958709358120485 0.00277507351067098
289 0.0001382 0.0008851 0.0009895 -0.10275102372341 0.00903033354981866 0.00272445896236315
290.5 0.0001418 0.0009403 0.0010599 -0.101698590184458 0.00962374549549673 0.00307003415425803
292 0.0001292 0.0008502 0.0009181 -0.101206407335395 0.00871442895520769 0.00294960643587042
293.5 0.000149 0.0008768 0.0010201 -0.100934135972084 0.00941605131450941 0.00330390827402527
295 0.0001444 0.0009161 0.0010304 -0.101721279464734 0.00956789495943292 0.00297578637465033
296.5 0.0001354 0.0007918 0.0008637 -0.100424499830502 0.0089884456477708 0.00275587488889905
298 0.0001001 0.0008604 0.0008613 -0.101030129080944 0.00872839158922364 0.00262148453649548
299.5 0.0001019 0.0008846 0.0009097 -0.10156070917355 0.0085870199198121 0.00236666646570431
301 0.0001128 0.0009338 0.0009776 -0.10270739049211 0.00815417826531751 0.00226543736908864
302.5 0.0001137 0.0009308 0.00098 -0.101731751440245 0.00841248699461267 0.00247138622082397
304 0.0001119 0.0008859 0.000995 -0.101159283445591 0.00863937979737193 0.00259879525621956
305.5 0.0001296 0.0009316 0.0009986 -0.102867960783294 0.00811752635102563 0.00367566340470006
307 0.0001143 0.0008964 0.0007465 -0.099717641483444 0.00798313599862206 0.00275238423039506
308.5 0.0001119 0.0008748 0.0008071 -0.101213388652403 0.00712617933589285 0.00202458193231342
310 0.0001184 0.0008902 0.0007318 -0.10144726277217 0.00675442420521806 0.00371406064824393
311.5 6.05e-05 0.0008383 0.0001501 -0.0640658008529559 0.0016632987771506 0.00396713338978311
313 -5.69e-05 0.0004955 -6.2e-05 -0.0420886149118433 -0.000548033385126219 0.00198094870101356
314.5 -0.0001389 0.0002249 -0.0001641 -0.0422736198125547 -0.00303861822772213 0.00212057504117311
