0 0 0 0 0 0 0
16 0 0 0 0 0 0
18 -1.29182357666667e-05 7.94108536666666e-06 3.14503182e-05 0.000233458133333333 0.000264792733333333 0.0002476549
20 -4.33665849e-05 4.37199306333333e-05 -1.31048461333333e-05 -0.000157631933333333 0.0024832164 0.000974519233333333
22 -8.13268881e-05 7.51585583e-05 -3.8713291e-05 -0.0027581134 0.0021260995 0.0014594024
24 -1.54815590666667e-05 6.02476796666667e-05 -3.4498701e-05 0.0003410446 0.0022621167 0.00132729073333333
26 7.42519106666667e-06 5.03818742e-05 3.06034579999999e-06 0.00201082846666667 0.00113215923333333 -0.000477174133333333
28 1.78602748e-05 9.31424387e-05 -3.42789275e-05 0.0037310025 0.0011976915 0.000455798
30 -1.81133689666667e-05 2.22285294333333e-05 2.21736778666667e-05 0.00191317423333333 0.00132612566666667 0.0005856495
32 2.92651270333333e-05 3.96342495e-05 -1.83962171333333e-05 0.00170907683333333 0.00115709673333333 5.01691666666669e-05
34 1.5300579e-06 4.74966629e-05 -4.54773266e-05 0.0012921843 -6.09823999999999e-05 0.0005893628
36 2.31491484666667e-05 3.94915995666667e-05 8.99511913333333e-06 0.00230930383333333 -4.44907666666667e-05 -0.000285840733333333
38 2.47551854e-05 4.87366708333333e-05 7.18810938666667e-05 0.00281292996666667 0.0001816185 0.00100909486666667
40 9.6127723e-06 5.3758648e-05 4.1557497e-06 0.0019622432 0.0003427346 0.0006773789
42 4.05054557e-05 4.47603332e-05 -2.15350006666667e-05 0.00211932976666667 0.0017283143 -0.000352321333333333
44 4.10022964333333e-05 5.65475441333333e-05 9.9605064e-06 0.00263843983333333 0.000509529433333333 -0.000596842266666667
46 1.36251238e-05 5.87837792e-05 1.30164652e-05 0.0014608661 0.0006252531 0.0006132851
48 8.2336167e-06 4.12784036333333e-05 -1.16841411666667e-05 -6.53371333333334e-05 0.000801501466666667 0.000120808766666667
50 4.01840966333333e-05 3.67188555666667e-05 -1.89594403666667e-05 -0.0015645034 0.0012535612 -6.50383666666667e-05
52 4.59336611e-05 3.93023931e-05 -0.0001118847562 -0.00394995 -0.000428952 -0.0013192807
54 2.92880348e-05 5.15732387666667e-05 -0.0001111484947 -0.0027585827 -0.0007141549 -0.00103012683333333
56 4.25826454e-05 3.49851211e-05 -7.78993904333333e-05 -0.000765717633333333 -0.000209627633333333 -0.000572235366666667
58 4.76045217e-05 6.23116506e-05 -1.47150004e-05 -0.0002551886 -0.0003104789 -0.0003966538
60 7.30402191e-05 5.6944452e-06 5.06340262e-05 -0.0012921145 -0.0007068205 -0.000561195
62 6.51526269e-05 -1.01230286666667e-06 7.2461692e-06 -0.00144401763333333 -0.000955711833333333 -0.000409768266666667
64 6.58923033e-05 2.45612867e-05 -3.8946799e-06 -0.0015005076 -0.0004168396 -0.0002839734
66 7.86929491e-05 1.25997007666667e-05 -6.56160271e-05 -0.00119785293333333 -0.000781021266666667 -0.0006909388
68 8.77135117666667e-05 2.82501606333333e-05 -5.55169171666667e-05 -0.0011922218 -0.000211803 2.41605333333334e-05
70 7.49641314e-05 -5.30878199999995e-07 -3.22484469e-05 -0.0005989246 -0.0005879708 -0.0006066022
72 4.96104326333333e-05 9.25363756666667e-06 2.96675923333333e-06 -0.000391222866666667 0.000108706766666667 -0.0007724038
74 9.32607011666667e-05 1.34469509666667e-05 6.04047540333333e-05 0.0012288284 0.000121159366666667 -0.00169961773333333
76 1.55030167e-05 1.4866568e-05 0.0001478633368 0.0014802731 0.0002930864 0.0002633129
78 -2.65836206333333e-05 1.14156765333333e-05 0.0001774001468 -0.000508364933333333 0.0002639655 0.000777258733333333
80 -2.53500720333333e-05 1.64919189333333e-05 0.000141528382333333 -0.000375381733333333 -4.96408999999999e-05 0.0003359274
82 1.65617914e-05 -1.15941653e-05 9.05235657e-05 -0.0012364429 -0.0013552672 -0.0002238897
84 3.79217499666667e-05 1.94739880333333e-05 6.32663325333333e-05 0.0003383698 -0.0008015162 -0.000196748166666667
86 1.55646267e-05 1.89497976333333e-05 6.66430896666667e-05 -0.000302430866666667 -0.00111920526666667 0.000427203566666667
88 3.7665262e-05 4.124492e-07 0.000149333959 0.0020459342 -0.0011007659 -0.0007466284
90 1.86858504333333e-05 -1.55079649333333e-05 5.23136149666667e-05 -0.000801557933333333 -0.000978174866666667 0.000143024333333333
92 1.24529234333333e-05 -1.08885537333333e-05 4.88848198333333e-05 -0.000541203133333333 -0.0019656632 -0.000126245933333333
94 1.27575802e-05 2.68587695e-05 9.95565308e-05 -0.0001890157 -0.0027391119 -0.0003118153
96 8.39629283333333e-06 7.7086372e-06 6.34853793e-05 -0.0006664185 -0.00264566933333333 -0.000235912333333333
98 2.59061539666667e-05 -6.3108724e-06 8.58198197666667e-05 -0.0007914989 -0.00289685506666667 -0.000262764
100 3.22573471e-05 -9.783839e-06 5.37249308e-05 -0.0009405975 -0.0030051844 -0.0004365094
102 2.4826007e-05 2.27762956333333e-05 2.95355456666667e-06 -0.000822677033333333 -0.0036521283 -0.000679052466666667
104 4.29851578e-05 2.08687177666667e-05 -0.0001018177013 -0.00156168983333333 -0.0030829411 -0.000573127533333333
106 3.02585635e-05 2.17743156e-05 -8.31011831e-05 -2.28355000000001e-05 -0.0012639054 -0.0001700489
108 4.68367138e-05 8.25669463333333e-06 -7.71710233666667e-05 -0.000316315333333333 -0.0023042308 -0.0005965057
110 4.31174064666667e-05 4.7636949e-06 -7.29467665666667e-05 -3.1401e-05 -0.00251580106666667 -0.0008377189
112 2.9255038e-05 1.14311791e-05 -6.76841961e-05 -0.0002179058 -0.001704047 -9.41430999999999e-05
114 5.91065478e-05 -1.93624116666666e-06 -5.49123775333333e-05 -0.0005110063 -0.00265428463333333 -0.000441330766666667
116 4.27913756666667e-05 2.02175551666667e-05 -1.26297750666667e-05 0.0013190467 -0.0015654667 -0.000667023633333333
118 5.72543625e-05 3.110845e-05 -6.15590023e-05 -0.0013411116 -0.0029958922 -0.0006268166
120 1.07150163333333e-05 2.19970523666667e-05 6.93086562333333e-05 0.000451186866666667 -0.0015823438 -0.000334887933333333
122 9.87102173333333e-06 1.13204440333333e-05 -1.51535376666667e-06 -0.000127745733333333 -0.00153513193333333 -0.000107769933333333
124 1.21631696e-05 -4.40305899999995e-07 -3.23190764e-05 -0.0008427454 -0.0034072856 -0.0003677959
126 2.48722838666667e-05 1.79932059e-05 1.29361555666667e-05 0.000125672833333333 -0.00285422343333333 -0.000310602866666667
128 -2.07444958e-05 2.09904976666667e-06 8.25293747e-05 0.0013115915 -0.00179551936666667 0.000276729533333333
130 3.5131913e-06 3.7073962e-06 1.39004103e-05 -0.0006292715 -0.0028398682 -0.0002264801
132 3.75521558666667e-05 4.11052973333333e-06 -2.84182866666667e-06 -0.00123862203333333 -0.00320190223333333 9.13646333333333e-05
134 3.51564908e-05 -4.33548393333333e-06 1.10059153333333e-06 -0.0012301787 -0.0036776141 -0.0004533725
136 3.23249828e-05 -1.42361846e-05 -7.2934894e-06 -0.0028421535 -0.0033544643 -0.0009681876
138 3.49125966666667e-05 -1.35827631333333e-05 1.11837476666667e-06 -0.00379517683333333 -0.00350575073333333 -0.00178511843333333
140 2.52811501333333e-05 -1.79342987333333e-05 4.57434613666667e-05 -0.00396988983333333 -0.00383883006666667 -0.000889292833333333
142 1.33571069e-05 -3.95841826e-05 4.78246738e-05 -0.0035300675 -0.0037133549 -0.0010139991
144 6.45906005e-05 -1.37218135666667e-05 8.06611616666667e-05 -0.00289074716666667 -0.0027150923 -0.0011431655
146 5.89234617666667e-05 -1.21264091666667e-05 5.43170996e-05 -0.0012812179 -0.00333019183333333 -0.000797581033333333
148 5.36323337e-05 -3.38910111e-05 5.36717132e-05 -0.0004316938 -0.003389791 -0.001505158
150 4.75841998e-05 4.65491446666666e-06 2.07299112333333e-05 -0.00215246363333333 -0.00494312726666667 0.000195603133333333
152 4.36370838e-05 2.68610571333333e-05 0.0001048497985 -0.00174548036666667 -0.00448272733333333 -0.000829084133333333
154 1.21283635e-05 4.4496029e-06 0.0001320554483 0.000327627 -0.0043482417 -0.0002471353
156 2.30498980666667e-05 -1.3654038e-05 4.76726525333333e-05 -0.000327716533333333 -0.0040311019 -4.99103e-05
158 2.70439813333333e-05 1.86208224666667e-05 4.70810156e-05 0.0004641396 -0.00442383143333333 -0.000208874433333333
160 3.40740037e-05 2.10221455e-05 3.89777587e-05 -5.73558000000001e-05 -0.0043431358 0.0001651883
162 4.90785260333333e-05 3.30518625666667e-05 1.30196626666667e-05 -0.000122981766666667 -0.00454717123333333 -0.0001860476
164 4.00780824333333e-05 -5.5748471e-06 -7.218396e-06 -0.0004355055 -0.00456804676666667 8.39373333333328e-06
166 -3.01087732e-05 6.17894644e-05 4.28455841e-05 0.0019206923 -0.0020812249 0.0015088119
168 1.25366356e-05 1.27240771e-05 3.97644783666667e-05 0.000561452766666667 -0.0021551829 -6.17019333333333e-05
170 4.72486992666667e-05 -6.89993223333333e-06 1.90754444333333e-05 -0.000812789033333333 -0.0039718509 -0.000230746333333333
172 4.68545269e-05 5.6178451e-06 -3.13783961e-05 -0.000376251 -0.0038349944 0.0005026242
174 3.97446577333333e-05 -1.47647859e-05 9.2114244e-06 -0.0004142394 -0.00360263503333333 0.0003240021
176 3.90939093333333e-05 3.91705783333333e-06 -3.90566553333334e-06 -9.52187333333335e-05 -0.00451587643333333 -0.000712137433333333
178 4.45812491e-05 1.55268502e-05 -7.02847832e-05 -0.0014111337 -0.0044087082 -0.000312537
180 -1.98343576666667e-06 6.74959303333333e-06 -5.27069451333333e-05 -0.000530231433333333 -0.00328064033333333 -7.36158333333334e-05
182 1.22282297666667e-05 1.99814404333333e-05 -4.52655522666667e-05 0.000605335233333333 -0.00365099853333333 -0.000199379233333333
184 -1.5336997e-05 1.40695654e-05 -2.5798071e-05 -0.0001789044 -0.0029720847 8.84703000000001e-05
186 0.000101196330133333 3.00730266666667e-06 0.000100428150433333 0.00456419536666667 -0.00565335143333333 -0.00374564996666667
188 0.000114651266466667 -3.98536666666603e-08 0.0001002989115 0.00505110363333333 -0.00593373896666667 -0.00429342776666667
190 3.31821671e-05 1.33362078e-05 3.8698414e-06 0.0024540274 -0.0030848733 -0.0015546616
192 6.40543820333333e-05 -1.43939474666667e-05 1.50446684e-05 0.00220877726666667 -0.00300838056666667 -0.00202964886666667
194 1.71425402333333e-05 1.24710958666667e-05 -0.000103312420733333 -0.0024075914 -0.00333216283333333 0.000173453466666667
196 6.39318269e-05 4.8319509e-06 -4.7691624e-06 0.0024373707 -0.0030168655 -0.0024540237
198 4.87195843666667e-05 -2.16490465333333e-05 -1.34459998666667e-05 -0.000357185566666667 -0.00362629843333333 -0.000931327466666667
200 7.41850139e-05 -1.66157706e-05 -6.24210215333333e-05 -0.0009083375 -0.00419240496666667 -0.000901296133333333
202 6.50226582e-05 -2.89589932e-05 -0.0001051083707 -0.0012384176 -0.0037152989 -0.0002071315
204 6.67434779666667e-05 -1.66579544e-05 1.32219096666667e-06 -0.00153477546666667 -0.00426701713333333 -0.0009764391
206 4.29978197e-05 -5.92255066666667e-06 1.73427739666667e-05 -0.000325571133333333 -0.00364390633333333 -0.000637944766666667
208 3.97917333e-05 4.73448799999999e-07 -3.89259683e-05 -0.0004568002 -0.0041691656 -0.0004150131
210 3.92139542333333e-05 1.51759870666667e-05 -4.73422682666667e-05 -0.0003792413 -0.00389998986666667 -0.000347028766666667
212 3.54416644333333e-05 2.90887773333333e-05 3.67189433333333e-06 0.000487464966666667 -0.003670748 -0.0004829441
214 4.29843431e-05 -1.8637778e-06 -8.1302862e-06 -0.0009117025 -0.0045201207 0.0004202469
216 2.76424484666667e-05 2.49479521e-05 2.49196392e-05 -0.0001570514 -0.0037476991 -2.29667666666667e-05
218 2.06190026e-05 2.74899045666667e-05 -2.49600443333333e-05 -0.0002595452 -0.00488399763333333 4.58753666666668e-05
220 2.77362921e-05 1.17402358e-05 -0.0001068521999 -0.0004498387 -0.0048336374 -0.0005443516
222 3.83139213666667e-05 -2.0736604e-06 -6.53510180666667e-05 0.000250631433333333 -0.0046924018 -0.0003980235
224 2.52964936333333e-05 -1.62919553333333e-06 -1.07176922e-05 -4.88244333333333e-05 -0.0050121648 -0.000432846766666667
226 2.46605325e-05 4.512265e-06 -4.36273237e-05 0.000800012 -0.0039220688 -0.0005611018
228 4.39463109e-05 -6.8499154e-06 -3.96327899333333e-05 -0.000580006433333333 -0.00543031333333333 -0.0007976886
230 4.43513377e-05 1.10566858666667e-05 -3.34195880666667e-05 -0.0005571137 -0.00550931773333333 -0.0008498554
232 3.10617397e-05 1.95899308e-05 -5.11117891e-05 -0.0012597151 -0.0050232475 -0.000534424
234 2.86703015e-05 1.5741569e-06 -2.68307830333333e-05 -0.00144357826666667 -0.00523802443333333 -0.00127164713333333
236 4.80369729e-05 1.60819437e-05 -4.59743783e-05 -0.00164154973333333 -0.0046458759 -0.0007177976
238 4.04916624e-05 5.8059357e-06 -0.0001165424265 -0.0025188887 -0.0053092462 -0.0004315735
240 4.26700026e-05 1.54062578333333e-05 -6.97505421666667e-05 -0.000681753966666667 -0.00422856853333333 -0.000830200233333333
242 2.57406747333333e-05 6.33214236666667e-06 -7.08048892333333e-05 -0.000539824966666667 -0.00463922346666667 -0.000367064033333333
244 8.41889794e-05 1.25917517e-05 3.31936884e-05 0.0025198823 -0.005631072 -0.0026319407
246 2.93780888333333e-05 -1.53918546666667e-06 -5.60571982666667e-05 -0.00273270483333333 -0.00552687733333333 -0.00102945483333333
248 3.53520516666667e-06 -2.40212978e-05 -5.75993876e-05 -0.00447076716666667 -0.00590561806666667 -0.000217098766666667
250 6.02910424e-05 -3.92367199999999e-07 -3.98029639e-05 0.0026343017 -0.0033279191 -0.0004899883
252 5.83443135e-05 2.68090607666667e-05 -9.59655585333333e-05 0.000608503166666667 -0.0047600162 -0.000150121266666667
254 1.83509215666667e-05 3.09100149e-05 -9.05903808666667e-05 0.000454536233333333 -0.00518681453333333 -3.81204666666667e-05
256 3.44169677e-05 4.0542131e-05 -5.27841257e-05 0.0026938117 -0.0047905043 -0.0004166571
258 3.79489072e-05 2.74175576333333e-05 -8.02753203666667e-05 0.0013796079 -0.00480594193333333 -0.000213243833333333
260 6.4059053e-05 1.17181922333333e-05 -7.31235892333333e-05 0.00134640183333333 -0.00576975393333333 0.000484060366666667
262 7.73819128e-05 1.77838039e-05 -4.9952559e-05 0.0017456899 -0.0065214111 -0.0007236645
264 6.28508641666667e-05 8.51684183333333e-06 -7.69975636666667e-05 0.000137905866666667 -0.00609112533333333 -0.0003689734
266 6.63857756333333e-05 -6.3383657e-06 -6.87713912666667e-05 0.000206168333333333 -0.0058757616 -0.000692182933333333
268 6.19407629e-05 2.407402e-06 -0.0001216432766 -0.0007574936 -0.0062761192 -0.000661881
270 4.30924169666667e-05 1.64969053333333e-05 -7.40682213e-05 0.0018073274 -0.0048713758 -0.000470365
272 5.31142274333333e-05 1.83224614666667e-05 -6.02438983333333e-06 0.0015574606 -0.0053202144 -0.0003826786
274 6.12795041e-05 2.757496e-05 -7.3520975e-06 0.0022975655 -0.0063070954 0.0001238002
276 2.04075785666667e-05 4.34638137e-05 -2.34150555e-05 0.000658137 -0.00557282313333333 0.000730327833333333
278 3.22472971666667e-05 1.19532113e-05 -5.58987691e-05 0.00150113226666667 -0.00593119386666667 0.0003856237
280 4.43512148e-05 1.89996356e-05 -0.0001262428765 -0.0022225696 -0.0080738282 0.0001004751
282 -2.75158970333333e-05 4.41163157666667e-05 -6.89530340333333e-05 -0.00121864166666667 -0.00514177636666667 0.001024823
284 -2.91821591666667e-05 6.74279325666667e-05 5.64037739e-05 -0.00444657826666667 -0.0054794223 0.0004072068
286 -1.38656599e-05 -0.0001239353355 0.0002661818062 -0.0044681956 -0.0079556767 0.0011240652
288 -4.23231606666667e-06 1.93187901666667e-05 0.000164649583233333 -0.00402264603333333 -0.00725193483333333 0.000567667266666667
290 3.34269357333333e-05 1.68521859666667e-05 0.0001749287755 -0.0029681043 -0.00848400823333333 0.000414962866666667
292 3.63015961e-05 -2.58095876e-05 0.0001390814699 -0.0028990979 -0.0080105609 0.0003296353
294 3.65831113e-05 4.177213e-05 9.42168486333333e-05 -0.00215075483333333 -0.00701230073333333 -0.000185881333333333
296 1.73894354333333e-05 1.79273357333333e-05 0.0001218893751 -0.0017718321 -0.007671118 -0.000297321733333333
298 -5.5276732e-06 6.10554886e-05 5.13001376e-05 -0.0020734687 -0.0077589338 0.000564671
300 -1.74903573e-05 1.69875619333333e-05 7.72532116e-05 -0.00203260966666667 -0.00740401496666667 0.000323494133333333
302 5.97517596666667e-06 -1.25106935333333e-05 9.58067584e-05 -0.0029186876 -0.00778931676666667 0.0001862782
304 6.45192540000001e-06 1.65800821e-05 0.000115301421 -0.0016747232 -0.0083270542 -4.47738e-05
306 1.29389502e-05 2.09342599666667e-05 0.000108037051633333 -0.00299966113333333 -0.00859572443333333 0.000241074766666667
308 2.57617192e-05 -1.44885736666667e-06 7.74040218333333e-05 -0.002399066 -0.00846104576666667 -0.0003969901
310 -2.2813307e-06 1.62516271e-05 7.30047851e-05 -0.0020761013 -0.0074455057 -0.0004718072
312 1.09105605666667e-05 1.83041169666667e-05 4.08300034666667e-05 -0.0016996035 -0.0077898164 -0.000165372133333333
314 9.5162021e-06 1.83402707666667e-05 -2.756033e-06 -0.0010582133 -0.0071923928 0.000211144333333333
