0 0 0 0 0 0 0
16 0 0 0 0 0 0
18 3.99652483666667e-05 2.55139686666666e-05 5.3630685e-05 0.000240171033333332 -0.000527251366666667 0.000431115566666667
20 3.44938101e-05 4.77720918e-05 3.60785272666667e-05 0.00125463563333333 -0.0005577507 -0.0002891575
22 2.22509805e-05 3.73671474e-05 -6.46294089e-05 0.000633001399999999 0.000540930300000001 -0.0007085801
24 -1.57834423333334e-06 -1.02711411e-05 3.72421356e-05 0.000402323366666667 0.00205269813333333 -8.74541e-05
26 -3.02280032333333e-05 -5.79087739666667e-05 -1.13546611333333e-05 -0.00282172143333333 0.00317681193333333 0.0005466487
28 -3.97733526e-05 -0.0001121902658 0.0001241549475 -0.0040744214 0.0034003438 0.0003706015
30 -3.76310390333333e-05 -6.99437968666667e-05 8.46462966666663e-07 -0.00569484693333333 0.00242044173333333 -0.000467523666666667
32 6.6413835e-06 -8.86372540666667e-05 0.000242161713633333 -0.00534431346666667 0.000959557733333333 -0.000544617066666667
34 -1.49544827e-05 -7.56575724e-05 0.0001409297071 -0.0040855438 0.0020166184 0.0003156012
36 -3.13487040666667e-05 -0.000118145109333333 0.000282961863666667 -0.00460481983333333 0.00250934306666667 0.00135165963333333
38 -8.78435636e-05 -0.0001114762862 9.38692383333333e-05 -0.00707718043333333 0.0041299064 0.000410842433333333
40 -8.41241583e-05 -0.0001859945125 0.0002255502772 -0.0073675249 0.0037804859 0.0002461859
42 -6.82273877e-05 -0.000169697367066667 1.36146981333334e-05 -0.0107822665 0.0047658303 0.000350580666666667
44 -1.54840423333334e-06 -0.000181689280733333 0.0002936886364 -0.0117955308333333 0.00428168963333333 0.00112682426666667
46 -5.52547112e-05 -0.000199404818 1.21899063e-05 -0.0112407061 0.0052615809 0.0006678408
48 -6.1487809e-05 -0.000265543663433333 0.000167604818933333 -0.011991252 0.0057649015 0.00112523426666667
50 -7.61713239333333e-05 -0.0002555896401 -1.09576174666667e-05 -0.0127619411333333 0.00635325436666667 0.000815469133333333
52 -3.00970532e-05 -0.0002569889882 0.0002965317721 -0.0128926704 0.0052952958 0.000973354
54 -6.9365664e-05 -0.000262391605966667 -2.23746061666667e-05 -0.0135046577 0.005941538 0.000761548733333333
56 -5.17714519333333e-05 -0.0002821576493 0.000211959048966667 -0.0148112678333333 0.0067712964 0.000986786866666667
58 -0.0001394869683 -0.0002620816543 -0.0002343971176 -0.014949278 0.00693165 0.0002186671
60 -1.97308592e-05 -0.000290062180666667 0.0002571065723 -0.0164718989333333 0.00589365036666667 0.000469584566666667
62 -4.48007795333333e-05 -0.0002963977238 -2.03487068333333e-05 -0.0158296201333333 0.00696270443333333 0.000456899166666667
64 2.01999168e-05 -0.0003817916713 0.0002688664777 -0.016597377 0.0065557921 0.0004203196
66 -4.49016891e-05 -0.000274778191766667 4.34834473666667e-05 -0.0156106765333333 0.0060051857 0.000311321633333333
68 -1.78127133666667e-05 -0.000268236554366667 0.0001098565957 -0.0144812876 0.00635815196666667 1.37354333333333e-05
70 -5.62359709e-05 -0.0002858425221 -0.0001611706803 -0.0134430736 0.0081765801 0.0001826141
72 -4.51274795333333e-05 -0.0003058617594 -5.05614531e-05 -0.0137397175333333 0.0072347096 0.000149743166666667
74 -0.000116016058066667 -0.000253962368266667 -0.000188503064766667 -0.0142872077333333 0.00675717006666667 -0.000637052433333333
76 -5.0650439e-05 -0.0003233549371 0.0001919419547 -0.0152846023 0.0069888657 -0.0006248899
78 -0.0001039480036 -0.0003086678599 -0.0001497043748 -0.0162165949666667 0.0073564335 -0.000176652733333333
80 -5.80630742666667e-05 -0.000341694967966667 -3.35851128e-05 -0.0162395009666667 0.00748669096666667 0.0003369666
82 -6.93389759e-05 -0.0003160314878 -0.0001816028187 -0.017334793 0.0060130446 0.0002008059
84 -5.70510939666667e-05 -0.000314992086933333 -4.11256356666666e-06 -0.017680743 0.0058919925 5.35795333333333e-05
86 -5.88486753e-05 -0.0003296381516 -3.86620580333333e-05 -0.0183607747333333 0.0073024675 0.000703731133333333
88 -7.08765614e-05 -0.0003588782853 -0.0001346825998 -0.0178840123 0.0074444413 0.0008874913
90 -1.10340587666667e-05 -0.000369497603733333 0.000293217602333333 -0.0187509184 0.00854684413333333 0.000479813366666667
92 -2.44541473666667e-05 -0.000324782830333333 0.000135777324733333 -0.0194066824666667 0.0082899394 0.0008973429
94 -9.34583155e-05 -0.0002601728821 -0.0003041206187 -0.0162473263 0.0092035387 -5.55150999999999e-05
96 -2.98764424666667e-05 -0.000291327432266667 0.0002231859929 -0.0156086945666667 0.0073615052 0.00112285566666667
98 -8.37709082666667e-05 -0.0003256707056 3.08900348333333e-05 -0.0167220503666667 0.00810120233333333 0.00119844353333333
100 -9.02881313e-05 -0.0003639754795 0.0003506013414 -0.0178648373 0.0083418982 0.0009980761
102 -0.0001104494204 -0.000323067371533333 -7.09262924333333e-05 -0.017432808 0.00768157736666667 0.000261337133333333
104 -3.0856698e-05 -0.000346743255 0.0001589852113 -0.017481721 0.00713337036666667 0.0006810742
106 -0.0001080371893 -0.0003165193803 -0.0001989992109 -0.0176841918 0.0082423903 2.47709999999998e-05
108 -8.34784253e-05 -0.000362008699433333 -9.21951245e-05 -0.0180972318 0.00906990796666667 -0.000409198
110 -0.0001111136347 -0.000342417621766667 -0.000190498827433333 -0.0184979618 0.00892060156666667 -0.000956834333333333
112 -0.0001576970127 -0.0003557554419 -0.0001880164745 -0.0178558603 0.0096731854 -0.0011230392
114 -0.0001804161829 -0.000344827289466667 -0.000101027394433333 -0.0179330200333333 0.00959088486666667 -0.000511385166666667
116 -0.000188728952033333 -0.000341044142533333 -0.000250796745366667 -0.0187019895666667 0.0095234696 -0.000512091366666667
118 -8.53806418e-05 -0.0003525502647 0.0002819160028 -0.0202949537 0.0087021829 4.03410000000002e-05
120 -0.000167366365 -0.000351022158766667 -0.000257564776933333 -0.0204332228 0.00843536483333333 0.000383595333333333
122 -0.0001637592964 -0.0003755040911 0.000123225472733333 -0.0199483721333333 0.00891454456666667 0.0003770198
124 -0.0001980969262 -0.0003715522047 -0.0003977036044 -0.0200108774 0.0074359022 0.000389217
126 -0.0002242253349 -0.000309634671933333 5.14174661e-05 -0.0162482835 0.0109123633 -0.000814441366666667
128 -0.000153333471566667 -0.0003186629074 -5.48028736999999e-05 -0.0180769478333333 0.0094188933 0.0003323841
130 -1.742259e-05 -0.0003995489645 5.45689920000001e-05 -0.0161045172 0.0089435187 0.0007880452
132 -0.000136722001533333 -0.000385282893 -9.76749173666667e-05 -0.0179259804666667 0.0100776014 0.000668321533333333
134 -0.000105399769866667 -0.0003816610736 5.39543097e-05 -0.0169703647333333 0.0109577136 -0.000261251466666667
136 -0.0002079137594 -0.0003567161801 -0.0002694784599 -0.0182614891 0.011852043 -0.0006642705
138 -0.000184456997366667 -0.000360433418633333 -0.0003001512049 -0.0179489240666667 0.0112216509 -0.000447931733333333
140 -0.000207675440033333 -0.000338849966366667 -0.000428070538833333 -0.0197840815333333 0.0114219696333333 -0.000258188333333333
142 -0.0001521863307 -0.0003633256381 -0.0002800744725 -0.0185862984 0.0104491041 -0.0006929814
144 -0.000145252677166667 -0.000371471318066667 -0.0001127939779 -0.0200329594666667 0.0098233198 -0.000615754133333333
146 -0.000110645706833333 -0.000359712089466667 -6.10107289666667e-05 -0.0188203772666667 0.0100061169333333 -0.0003375052
148 -8.56786175e-05 -0.0003643314406 1.87605683e-05 -0.0203170861 0.0095501249 0.0009347922
150 -0.0001275307401 -0.000352319466566667 -0.0001728131789 -0.0202558818333333 0.00955952526666667 4.09422333333333e-05
152 -7.23551211e-05 -0.000331194086433333 0.0001708430101 -0.0188512259666667 0.00911215193333333 0.0001688505
154 -0.0001031646467 -0.0003292092166 -0.0002198397741 -0.0151468733 0.0098523022 0.0010090659
156 -0.000100983194 -0.0004151513825 1.9637803e-05 -0.0183468015666667 0.0115104612333333 0.0014936138
158 -0.000160003074533333 -0.0003647533541 -0.0003512076032 -0.0191299633666667 0.0115520046333333 -0.000526998266666667
160 -0.0001282297374 -0.0003512102272 -6.37680725999999e-05 -0.0176660959 0.0100089516 -0.0001463636
162 -0.000151664610033333 -0.0003313084735 -0.0002964545771 -0.0202293924666667 0.0100250082 -0.0007602071
164 -9.12023792333333e-05 -0.000365565831166667 5.87925486333333e-05 -0.0203581306666667 0.00969098566666667 -0.0005032261
166 -0.0001917864939 -0.0003730777155 -0.0004774256199 -0.0198901745 0.0120616005 -0.000914514
168 -9.48383977666667e-05 -0.000401850790366667 -0.000201274347566667 -0.0183084242666667 0.0113763310333333 0.000536927366666667
170 -0.0001329535469 -0.000367872847766667 -0.000412871207166667 -0.0204337952 0.0111056843 8.13030999999999e-05
172 -8.70087414e-05 -0.0004329716186 4.00797158e-05 -0.0183409738 0.0105449126 -0.0004095203
174 -0.00018787488 -0.00037966927 -0.0003858448463 -0.0205777776333333 0.0113569545666667 -0.000162185266666667
176 -0.0001272671188 -0.000380154119066667 -0.0001143121027 -0.0198982714333333 0.0110123938333333 0.000415786866666667
178 -0.0002183262193 -0.0003708761267 -0.000523433837 -0.0222935156 0.0117074133 0.0004367691
180 -0.0001333597051 -0.000377823154033333 -0.000202004010933333 -0.0205613268 0.0100341328666667 -0.000286157733333333
182 -0.0001506793245 -0.000375536148366667 -0.000260502989733333 -0.0212224115333333 0.0103256059333333 9.5445e-05
184 -7.1308038e-05 -0.0004028091114 1.18989196e-05 -0.0199649977 0.0101418996 0.0012318073
186 -0.0001556826031 -0.000407918991133333 -0.0002806214305 -0.0220055933 0.0120624025333333 0.000453585666666667
188 -0.000108758573166667 -0.000404134483266667 -0.000225060732966667 -0.0214886724333333 0.011167499 -1.77217333333334e-05
190 -0.0001497328967 -0.0004066867127 -0.0001176434279 -0.0228820854 0.0107748308 0.0001974266
192 -0.000174444397233333 -0.000402954084833333 -0.000394125957933333 -0.0221214274333333 0.0112372610666667 -8.71973333333333e-05
194 -0.0001038062111 -0.000409584904033333 4.88824333333333e-06 -0.0200555049 0.0103432830666667 0.000705647533333333
196 -0.0002279006686 -0.0003880434676 -0.0005577043927 -0.0253012752 0.0111530876 -0.000351687
198 -0.0001393201329 -0.0003897156875 -7.27402852e-05 -0.0216701895 0.00995021856666667 -3.80440333333333e-05
200 -0.0001798946077 -0.0003647440793 -0.0003868433214 -0.0245666017666667 0.0108648257 -0.0002288615
202 -9.94472008e-05 -0.0004265096965 -0.0001080201327 -0.0211892005 0.0089913761 -0.0005429293
204 -0.000158406688333333 -0.000414879977 -0.000119606006633333 -0.0250119108666667 0.0106495031333333 0.0002906546
206 -0.000154055930333333 -0.000402632024933333 4.65823396666662e-06 -0.0227964453333333 0.0103882787333333 2.06713333333333e-06
208 -0.0001617324847 -0.000412893027 -3.35778623e-05 -0.0235678072 0.011210354 -0.0001746232
210 -0.000202885998766667 -0.000396761393366667 -0.000338325111433333 -0.0229791681666667 0.0122269065666667 -0.000179596533333333
212 -0.000170943583766667 -0.000428167665566667 1.08508306333333e-05 -0.0223957632333333 0.0120131569 0.000221617933333333
214 -0.0002521458853 -0.0003702720306 -0.0006634967376 -0.0246226955 0.0134013105 -0.0011146387
216 -0.0001675327788 -0.000404501698533333 -0.000198247298666667 -0.0206895113666667 0.0124013115 0.000250893666666667
218 -0.000195495608466667 -0.000400229605533333 -0.000430641504466667 -0.0235463699 0.0124920317666667 -0.000239376666666667
220 -0.0001210322993 -0.0004177646921 -3.63270657e-05 -0.0207147022 0.0099110313 -0.0001372485
222 -0.000185100785566667 -0.000372142493833333 -0.0004925332575 -0.0234614701333333 0.0113522544 -0.000544661966666667
224 -0.000152618863433333 -0.000391635977233333 -0.0001991945883 -0.0218313937333333 0.0106526438 -0.000631119233333333
226 -0.0002051438675 -0.0003847986263 -0.0004236030759 -0.0248773853 0.0108233377 -0.0008755648
228 -0.000189927907466667 -0.000370983815766667 -0.000132878010533333 -0.0231579478 0.0107968048666667 -0.00131210346666667
230 -0.0001808130926 -0.000387744022233333 -0.000212514276933333 -0.0248830514666667 0.0107472822666667 -0.000542010866666667
232 -0.0001869787805 -0.0003731812369 -0.000436178689 -0.0231784718 0.0109378192 -0.000788161
234 -0.000129826927266667 -0.000435849857366667 -5.32953096666666e-05 -0.0212283023 0.0103802700333333 0.0002570388
236 -0.000165934062466667 -0.000403558175433333 -0.000447109832333333 -0.0219431225 0.0109772417666667 -0.000252352733333333
238 -0.0001193410886 -0.0004012445438 -8.87415049999996e-06 -0.0212950698 0.0110787163 0.0008002875
240 -0.000226570436733333 -0.0003894280359 -0.0005304110019 -0.0229438978666667 0.0123832868333333 -0.000510795766666667
242 -0.000165532795866667 -0.0003908746213 -5.04043221e-05 -0.0208305444666667 0.0112291006333333 -0.0001998953
244 -0.0002451058021 -0.0003944219487 -0.000542862709 -0.02378672 0.0128554915 -0.000852344
246 -0.000214835074233333 -0.000381886244066667 -0.000212884204233333 -0.0214806920666667 0.0126367181 -0.00130658763333333
248 -0.0002445191655 -0.000389835162133333 -0.000367136571366667 -0.0235230224666667 0.0124746042333333 -0.00139900243333333
250 -0.0002414286909 -0.000400573734 -0.0003805052062 -0.0230884586 0.0122589747 -0.0022398538
252 -0.000185270610933333 -0.000416933984366667 -0.000116892741666667 -0.0220481975666667 0.0110852328666667 -0.0011145987
254 -0.000226292854533333 -0.000387375043833333 -0.000436326991266667 -0.0233930056333333 0.011558923 -0.0013751781
256 -0.0001487491846 -0.0004171232242 4.12020234e-05 -0.0223405596 0.0111704937 0.0001856349
258 -0.0002296366246 -0.000411353905966667 -0.000507409481366667 -0.0237342916666667 0.0117681104 -0.000655824433333333
260 -0.000168873458466667 -0.000419964662566667 -0.0001574905119 -0.0222809852 0.0111994274 -1.43653e-05
262 -0.000251226611 -0.0003841669793 -0.0006786336892 -0.0263568275 0.0121961554 -0.0005223405
264 -0.0001199574687 -0.000439782717766667 -0.0002066969087 -0.0216959126666667 0.0098688806 0.000313645933333333
266 -0.000182253423966667 -0.000398918171366667 -0.0004600691225 -0.0240305529333333 0.0122886586666667 7.86333333333334e-05
268 -0.0001141279717 -0.0004129427317 -0.0001616427022 -0.0209259022 0.0114210426 -0.0002629669
270 -0.000166298931666667 -0.000414218191533333 -0.0003693652271 -0.0235504954333333 0.0121567002333333 -0.0004507721
272 -0.000221078217066667 -0.000399556359666667 -0.000490679413833333 -0.0223865867 0.0120764991 -0.00132473043333333
274 -0.0002061733777 -0.0004213351737 -0.0002311152017 -0.0236270298 0.0111242862 0.0003903084
276 -0.000228581248533333 -0.000406949918633333 -0.000611615188366667 -0.0244952618666667 0.0137554190666667 -0.000373765066666667
278 -0.000191792545266667 -0.000436156452833333 -0.000219724361833333 -0.02464278 0.0130291078666667 0.000567888333333333
280 -0.0002075323985 -0.0003625146993 -0.0006046378905 -0.0248985818 0.0129641803 -0.0011466132
282 -9.68200682333333e-05 -0.0004056729565 0.0001048515797 -0.0229189628666667 0.0119367649666667 0.000789865133333333
284 -0.000193191368633333 -0.0003713187579 -0.000590728924766667 -0.0257097070666667 0.0135857523 0.000127006333333333
286 -8.09876565e-05 -0.000444221492 -3.33268821e-05 -0.0204951105 0.0113818459 0.0001497317
288 -0.0001809731922 -0.0003832323447 -0.0004292132882 -0.0244717962333333 0.0116431212 0.0001785353
290 -0.000188866893266667 -0.000400441299433333 -0.000206620829533333 -0.0226078087 0.0117238780666667 -0.000716253366666667
292 -0.0001819989905 -0.0004098699972 -0.0002380239774 -0.0234204149 0.0125839085 0.0003251241
294 -0.000246836812633333 -0.0003752436779 -0.000646668655466667 -0.0236874693333333 0.0129245509333333 -0.0010558343
296 -0.000182117621766667 -0.000380914671566667 -0.000183259102933333 -0.0226168854 0.0127394342666667 -0.00111108043333333
298 -0.000239209832 -0.0003910148648 -0.0007434510741 -0.0261495071 0.0137474704 -0.001035355
300 -0.000159538896433333 -0.000396914648233333 -0.0003229940019 -0.0227278147666667 0.0115159288 -0.0008687289
302 -0.000208781239233333 -0.0003671112883 -0.000709742748833333 -0.0249893983 0.013269021 -0.00150354996666667
304 -7.79589999e-05 -0.0004574308786 -0.0001109183145 -0.0202445889 0.0112226128 -4.73186e-05
306 -0.000195826540466667 -0.000423359039833333 -0.000549874847666667 -0.0253561484 0.0126982196333333 -5.54217666666666e-05
308 -0.0001766505602 -0.000423545549766667 -0.000315520025133333 -0.0222911663333333 0.0127509579 -0.000792002433333333
310 -0.0002470703188 -0.0004201162394 -0.0006109644887 -0.025554993 0.0129350163 5.31475000000001e-05
312 -0.0002138886124 -0.0004119643591 -0.0005106567494 -0.0238676114 0.0136968859333333 -0.000460549533333333
314 -0.000187668774666667 -0.000418315809966667 -0.000389356895533333 -0.0245170586 0.0130634042 -0.000154915733333333
