0 0 0 0 0 0 0
16 0 0 0 0 0 0
18 -2.52575331333333e-05 5.00845446666657e-06 3.85751964666667e-05 -0.000796583599999999 0.000650567666666667 0.0007597659
20 -1.22843664666667e-05 6.66153266666664e-06 -8.98194133333334e-07 -0.000142494266666664 0.0001820876 0.00106399216666667
22 1.00705728e-05 1.38570908999999e-05 -1.36625736e-05 -0.000103635199999997 -0.0004495128 0.0010566395
24 3.92374429e-05 3.86988816333333e-05 -2.54970757333333e-05 0.0001906881 -0.0012504025 0.0011503158
26 6.53307429666667e-05 3.02103581e-05 -1.97944106666673e-06 -0.000448657633333333 -0.0023892103 0.00134154926666667
28 9.85566927e-05 -1.89533688000001e-05 2.20082229999996e-06 -0.0012730462 -0.0026782584 0.0012820313
30 9.44580097e-05 1.37975389e-05 3.51838532333333e-05 0.000197093533333335 -0.00241560386666667 0.00151131843333333
32 6.25753323666667e-05 1.31071809666666e-05 2.29915779e-05 0.000248908066666668 -0.00167032446666667 0.00131870683333333
34 3.7049006e-05 1.27639769999999e-05 -3.53894515e-05 9.9409100000003e-05 -0.0016898812 0.0008560921
36 4.89600451666667e-05 -3.82194858333334e-05 -3.81345558333333e-05 -0.000653681466666666 -0.000710049166666667 0.0011684939
38 3.29942775666667e-05 -5.55205438333334e-05 -4.90773857666667e-05 -0.00052888333333333 -0.000457317566666667 0.000330022966666667
40 5.95564976e-05 -4.58227797e-05 -2.38503428e-05 -0.001447119 -0.0013290684 0.0008802317
42 3.37863848e-05 -5.05860463000001e-05 -4.45374549333333e-05 -0.000775176866666664 -0.000692367666666667 0.0007131993
44 6.30702842e-05 -5.81656076333334e-05 -2.78814913333333e-05 -0.00177091906666667 -0.001852751 0.0017247385
46 4.64321247e-05 -0.0001070219818 0.0001369794139 -0.0017948396 -0.0007633962 0.0017314442
48 6.27164916666667e-05 -9.94879956333334e-05 3.61446653666667e-05 -0.0037401056 0.000186231533333333 0.00128224523333333
50 0.000102885072666667 -8.21243848333334e-05 3.61106757e-05 -0.0033776032 -0.00114239793333333 0.00142066076666667
52 7.84121225e-05 -0.0001031331917 3.71402402999999e-05 -0.0029596793 -0.0014156363 0.0007852251
54 7.49874917333333e-05 -4.24171376000001e-05 1.39856941333333e-05 -0.00284172103333333 -0.0023454416 0.0016946263
56 0.000102434657133333 -1.83237018666668e-05 7.8044193333333e-06 -0.00184555056666667 -0.00330697406666667 0.0024889689
58 9.66663537e-05 -4.05664171000001e-05 -1.18745413e-05 -0.001811789 -0.0023847643 0.0030677279
60 0.000113565182233333 -5.79566999333334e-05 3.6083846333333e-06 -0.00243908576666667 -0.00295019066666667 0.00328338983333333
62 0.000140871060833333 -6.31099114000001e-05 8.63137181666666e-05 -0.0022664489 -0.003727382 0.00271719296666667
64 0.0002451511504 -5.49294768e-05 0.0004100952047 -0.0035066253 -0.0054622135 0.0030230474
66 0.0002071905679 -0.000172317017566667 0.0004106062509 -0.0024293288 -0.00418519093333333 0.00137016813333333
68 0.000182259348833333 9.96557443333325e-06 0.000232709186366667 0.00154245793333333 -0.00392611513333333 0.000521131733333333
70 0.000194201251 2.08071203e-05 0.0005050910776 0.0021134776 -0.0024208953 -0.0002944379
72 0.000178758544266667 1.43055465666666e-05 0.000354752151133333 0.00131179526666667 -0.00258275963333333 0.000246649866666667
74 0.0001564231492 -7.23746412333334e-05 0.000426692008 0.000297739866666667 -0.0029711713 -0.0012052612
76 0.0001829118907 4.50947189999996e-06 0.0003780596006 0.0011094873 -0.0032544528 -0.0004587769
78 0.000219047350666667 4.18532588333333e-05 0.0003079566249 0.00167323213333333 -0.0046332456 0.000112087066666667
80 0.000212884197466667 2.53577479666666e-05 0.000135014372833333 0.00190626406666667 -0.0043964484 0.0002326866
82 0.0002117380466 4.60237909999991e-06 0.000116587902 0.0013476852 -0.003819851 0.0006944172
84 0.000202422392433333 -4.13320260666667e-05 0.000174347754833333 0.000378803666666668 -0.003979361 -0.000746992433333333
86 0.000223659772433333 -9.08097466666671e-07 0.000207616857633333 -5.07585333333315e-05 -0.00462174426666667 0.000586405033333333
88 0.0001873604551 -2.88404546e-05 0.0002268892655 7.50256000000005e-05 -0.0031594725 0.0008186104
90 0.000152818483466667 -5.19416734e-05 0.0001608463488 -0.000849766333333331 -0.00302361826666667 0.00129725496666667
92 5.6761268e-05 -0.0001963431654 0.000444141635333333 -0.00280728886666667 -0.0014681804 -0.00108773456666667
94 1.23010937e-05 -4.04773192000001e-05 0.0005379796137 -0.000885014699999999 0.000970829 -0.0032468516
96 4.01843964e-05 -3.35034204666668e-05 0.0003803815813 -0.0013921461 0.000303764466666667 -0.00269872956666667
98 -5.28203378e-05 -5.08641445333334e-05 8.63155285666666e-05 -0.0021034029 0.0019074304 -0.0023933343
100 5.72911412e-05 -0.0001000532901 0.0001227716534 -0.0035714565 -3.21122e-05 -0.0012246338
102 9.73180361333333e-05 -0.000155910441433333 0.000204380880266667 -0.00288520146666667 -0.000687560233333333 -0.0011139678
104 0.000149851553933333 -0.000118140103966667 0.000186933970466667 -0.0031060558 -0.00118380916666667 -0.00148476773333333
106 0.0001445172586 -0.0001524208192 0.0002147965389 -0.0037794508 -0.000586821 -0.0017104787
108 0.000118363641466667 -0.0001531216262 0.000192031571933333 -0.0044981691 -6.86051333333336e-05 -0.0011687677
110 0.000107996692133333 -0.000172144668866667 0.000190519619 -0.0051212801 -0.000600769266666667 -0.0014760185
112 8.82431381e-05 -0.0001627062747 0.000186735263 -0.0039400067 -0.0001883929 -0.0018474363
114 0.000120878449933333 -0.000178847970233333 0.000210803868033333 -0.00454545273333333 -0.000970799766666667 -0.00168206756666667
116 0.000110197718066667 -0.000180673358033333 0.000194617812566667 -0.00383345673333333 -0.0005405637 -0.0015344411
118 0.000168216558 -0.0001657986009 0.0001948660553 -0.0034520976 -0.0013088689 -0.0012710219
120 0.000130501878066667 -0.000204621397533333 0.000174386976433333 -0.0050569848 -0.000827987733333333 -0.0012291475
122 0.000124341596733333 -0.000196597800066667 0.000191672713233333 -0.00485804233333333 -3.44482000000002e-05 -0.0011510941
124 0.0001456148327 -0.0002213189185 0.0002357580478 -0.0053589377 -0.0010220857 -0.0016340787
126 0.000110850668 -0.000195287455133333 0.000185895292333333 -0.00529862206666667 -0.000226358366666667 -0.000930768566666667
128 0.000125507993933333 -0.000202895365666667 0.0001404795242 -0.00572778673333333 -0.00115887703333333 -0.00162684323333333
130 0.0001167237212 -0.0002265141557 0.0001436733299 -0.0058491919 -0.0003534543 -0.0009345781
132 9.37299637333333e-05 -0.000206313195066667 0.0001306258383 -0.0061219252 -0.0002984733 -0.000374205166666667
134 0.0001052047426 -0.000189631578666667 9.97093224333333e-05 -0.00587679646666667 -0.0004184329 -0.000507478633333333
136 9.18998089e-05 -0.0002028935887 7.40174068000001e-05 -0.005812532 0.0003680277 -0.0013180512
138 0.000143532372666667 -0.000191142266 7.19800873666667e-05 -0.00564122853333333 -0.00122235323333333 -0.000636913266666667
140 0.000127551596066667 -0.0001881939202 9.07949884999999e-05 -0.0055770358 -0.0010610489 -0.00105483833333333
142 0.0001102876747 -0.0002090522368 9.34928408e-05 -0.0059870754 -0.0007274292 -0.0005849959
144 0.0001201133238 -0.000221637623866667 6.95097634333333e-05 -0.00570591396666667 -0.0005125572 -0.00146672306666667
146 7.23289509333333e-05 -0.000216803673533333 1.93307788333333e-05 -0.00562758536666667 0.0011562662 -0.00116411086666667
148 8.22141533e-05 -0.0002113567805 -1.46826697e-05 -0.0048692492 0.0011071321 -0.0013701212
150 6.62761550666667e-05 -0.000223534151066667 -4.12235959333334e-05 -0.00549283943333333 0.0010367839 -0.0005048194
152 8.74126832e-05 -0.000225849688466667 -3.51099351333333e-05 -0.00534600603333333 0.000134509366666667 -0.00170986533333333
154 0.0001379937736 -0.000243380656 2.51577611e-05 -0.0059601751 -0.0006562249 -0.0007615753
156 0.000121517621933333 -0.000229197464466667 6.96744123333335e-06 -0.00584828006666667 -0.000500292333333333 -0.000717869733333333
158 0.0001343151476 -0.000230717905133333 -2.05645937666667e-05 -0.00591561853333333 6.57158666666667e-05 -0.000161019333333333
160 0.000171498779 -0.0002165686096 -2.43190829e-05 -0.0060925288 -0.000910907 -0.0003950122
162 0.0001330076502 -0.000231364341333333 -5.48777808333333e-05 -0.0061864568 -0.000759290766666667 -0.000785286266666667
164 0.0001277763008 -0.0002241398802 -5.82866800333333e-05 -0.00614868233333333 -0.000166528766666667 -0.0010589184
166 0.000110522538 -0.0002219487495 -2.31598724e-05 -0.0056512536 -3.86520999999997e-05 -0.000946912
168 0.0001403138366 -0.0002403696548 3.2819079e-05 -0.0065394027 -5.31745999999999e-05 -0.000168367666666667
170 0.000132872623866667 -0.000285110985333333 4.85975141333333e-05 -0.0068858707 1.5001866666667e-05 -0.000235843
172 0.0001362194421 -0.0002421081441 1.42060002999999e-05 -0.0068934233 0.0005639451 -0.0003782345
174 0.000145062044666667 -0.000268365988733333 5.09132985000001e-05 -0.0073068177 -0.000760207033333333 -0.000258185933333333
176 0.0001598213154 -0.000249763416933333 3.66548190333333e-05 -0.0067399883 -0.0005447285 -0.0002808108
178 0.0001674145864 -0.0003499898409 4.29491264e-05 -0.0080540179 2.84489999999998e-06 -0.0013587495
180 0.000157996877766667 -0.0002863157132 2.71409035999999e-05 -0.00674185183333333 2.57289999999998e-06 -0.00112921726666667
182 0.0001065812549 -0.0002043627954 -0.000270448852066667 -0.0071665985 0.000507873766666667 0.0004890494
184 0.0001165105533 -0.0002398434881 0.0001095072095 -0.0090996403 -0.0015745777 -9.17698000000001e-05
186 -8.31504168e-05 -9.44055878e-05 -0.0002078866124 -0.0103611605 -0.0015913308 -0.0008605685
188 -0.000181456925666667 -0.0001815629636 -0.001219184813 -0.0189938029666667 0.00168918606666667 0.000327398833333333
190 -4.67757925e-05 -0.0003550325787 -0.000618742958 -0.0189930343 -1.07572999999998e-05 0.0021626893
192 3.22707589333333e-05 -0.000317894585966667 -0.000337250534066667 -0.0169866238666667 -0.00193568433333333 0.0028848317
194 -4.74546508666667e-05 -0.000321820082366667 -0.000366396675466667 -0.0168646666666667 0.0003999982 0.00189896843333333
196 -0.0001799303279 -0.0003470504598 -0.0003321049269 -0.0129645394 0.0075092396 0.0009404239
198 -0.000257663816966667 -0.000317810905266667 -0.00124299053776667 -0.0193374817 0.00695974686666667 -0.000710189733333333
200 -0.000231794919633333 -0.0005223849024 -0.0008012185479 -0.0163719693 0.00870565553333333 -0.00281001933333333
202 -0.0002207023432 -0.000455954258 -0.0003694293931 -0.0132111229 0.0090690153 -0.0022740658
204 -0.0002296788581 -0.000417441652033333 -0.000398632408933333 -0.0152134735 0.00768261716666667 -0.000404462766666667
206 -0.000149648809766667 -0.000417636304033333 -0.000384037045533333 -0.0164342332333333 0.0061920639 0.00111323783333333
208 -0.0001645071246 -0.0005019529535 -0.0006354719367 -0.0188639159 0.0054640003 0.0017527243
210 -0.000196530831033333 -0.0005017298032 -0.000650183956933333 -0.0171961778 0.00589102653333333 0.00120563413333333
212 -0.0002085080447 -0.000451441411666667 -0.000547869134933333 -0.0166143837333333 0.00637760413333333 0.00113971786666667
214 -0.0001825329164 -0.0004136947927 -0.0003345053996 -0.0136940186 0.0065593332 0.000148065
216 -0.0001955724365 -0.000409061462966667 -0.0002797098616 -0.0145526055666667 0.00797221653333333 0.0004439156
218 -0.000208366746433333 -0.000436377943033333 -0.000372691235133333 -0.0152855309666667 0.00779680326666667 0.000967032333333333
220 -0.0002235069394 -0.0004342389499 -0.0005112449592 -0.0161016306 0.0088447133 -0.0003801383
222 -0.000207448983933333 -0.000458773650033333 -0.000436668570966667 -0.0165216222333333 0.00810505593333333 0.000275130066666667
224 -0.0001566899398 -0.0003960112995 -0.000474436495633333 -0.0140377096333333 0.00727059673333333 0.000910769666666667
226 -0.0002601200945 -0.0005440986214 -0.0007083139169 -0.0177543907 0.0098346441 0.0004055858
228 -0.000215847832466667 -0.000608936855066667 -0.0008212448278 -0.0232901361 0.0071883786 0.000341094366666667
230 -0.000209752436666667 -0.000601205126866667 -0.0008632770142 -0.0230244973 0.00712793713333333 0.0003025843
232 -0.0002603881295 -0.000602370713 -0.0008198175997 -0.0218289402 0.0078963329 0.0003561963
234 -0.000240813064133333 -0.000595014297433333 -0.000809944729033333 -0.0231378982666667 0.00632215326666667 0.000729293766666667
236 -0.0002194367486 -0.0005409303463 -0.0009124118233 -0.0220649172 0.006033601 0.00135728076666667
238 -0.0001899825449 -0.0004612150927 -0.0008593791419 -0.0169229856 0.0056688717 -0.0003616644
240 -0.0001648301657 -0.0004871979037 -0.0008298202662 -0.0181983062333333 0.0051876522 -0.000111068766666667
242 -0.000139108740766667 -0.000489397057433333 -0.000803316553933333 -0.0186253695 0.00533650786666667 0.0006292591
244 -0.0001683184779 -0.0005124209365 -0.00082090208 -0.0205856799 0.0051260715 0.0006336667
246 -0.000166703355133333 -0.000449425010033333 -0.000863054930466667 -0.0164978600333333 0.00619340526666667 0.000637158733333333
248 -0.000166926500133333 -0.000437998348433333 -0.000871147641666667 -0.0142234196333333 0.00601339693333333 -0.000458487666666667
250 -0.0001177743097 -0.0004332837012 -0.0008707338362 -0.0148730125 0.0056794902 -0.0002530917
252 -0.0001829467186 -0.000533629746233333 -0.000981292079766667 -0.0191768020666667 0.00700674306666667 0.000454482133333333
254 -9.14672408666667e-05 -0.0006284204645 -0.0009531729643 -0.0239397248666667 0.00352465573333333 0.00197743726666667
256 -8.48141351e-05 -0.0005727749419 -0.0010271944147 -0.0250998075 0.002492072 0.0029295173
258 -4.18371248e-05 -0.000659810191366667 -0.000974708680466667 -0.0249644693333333 0.0010269985 0.00304570896666667
260 -2.66594572e-05 -0.0007684435439 -0.0009620789148 -0.0283933819333333 -0.0005071297 0.0036463417
262 -6.14579439999998e-06 -0.0008180767732 -0.001112060502 -0.0297664639 -0.0002690784 0.0041752499
264 -4.58288844666667e-05 -0.000896134526333333 -0.00123985122473333 -0.0319875216 -0.0003311017 0.00358990853333333
266 -0.000150094275933333 -0.0008325742892 -0.000933482479266667 -0.0289253164666667 0.00364889403333333 0.001953331
268 -0.0003132608812 -0.0006499977702 -0.0009593302778 -0.0252990732 0.0060060896 -7.71109000000001e-05
270 -0.000296267903266667 -0.000642016882333333 -0.000330113207933333 -0.0244919872 0.00605181353333333 -0.000920452133333333
272 -0.000339454636266667 -0.000678693209666667 -0.000534125266533333 -0.025845632 0.0069863676 -0.000954150466666667
274 -0.0002861283481 -0.0005745179675 -0.0011127916771 -0.0263828976 0.0046718345 0.0012728444
276 -0.0002315347841 -0.000573131840533333 -0.0011602683789 -0.0253336801 0.00332918186666667 0.00147411366666667
278 -0.0002195904737 -0.0004918802726 -0.00115275481636667 -0.0237587269 0.0040647912 0.0025783828
280 -0.000172088471 -0.0005063177948 -0.001074291182 -0.0237680496 0.0023749879 0.0023958737
282 -0.000152591406266667 -0.000518060434933333 -0.00109486735643333 -0.0234717948333333 0.00290302106666667 0.00197369976666667
284 -0.000223954937733333 -0.0005228014972 -0.00120307249363333 -0.0239020713 0.0049389326 0.00111861476666667
286 -0.0001704108576 -0.0005637922253 -0.0011166783706 -0.0246157858 0.0022411416 0.0011088831
288 -0.000239774643566667 -0.0005883996141 -0.0012492758784 -0.0245939085333333 0.0042175925 -0.0004612184
290 -0.0002328659801 -0.000599708050033333 -0.00113276776593333 -0.0239067411333333 0.0046931951 -0.000282404266666667
292 -0.0001342096164 -0.0005660836758 -0.0010928150011 -0.0233939608 0.0022604432 -0.000491898
294 -0.000196556832366667 -0.000602893903266667 -0.00111948148313333 -0.0245769271 0.00412286416666667 0.0007912779
296 -0.000242000578566667 -0.0007171419786 -0.00155694883846667 -0.0271133771666667 0.0037033605 0.000667382633333333
298 -0.0002359846013 -0.0008597364743 -0.0013501977511 -0.0284044496 0.0044279903 0.0003006175
300 -0.000221987106733333 -0.0007843978828 -0.00134521197303333 -0.0288870055 0.00395347346666667 -0.000405720433333333
302 -0.000281723573 -0.000748686802533333 -0.0006698140891 -0.0267652913666667 0.00778453793333333 -0.000495750566666667
304 -0.0003227697645 -0.0007498851783 -0.000748588696 -0.0263527835 0.0065977466 2.70999999999995e-06
306 -0.0002396496002 -0.000675857963566667 -0.00101239863363333 -0.0283794035 0.00469882566666667 0.000917856866666667
308 -0.000218904152666667 -0.000848191361366667 -0.0010347783681 -0.0322781936333333 0.00539599766666667 0.00116274633333333
310 -0.0001824526428 -0.0009967151231 -0.0004847878238 -0.0343149602 0.0050379878 -0.0010472348
312 -0.000240653652466667 -0.0008239210782 -0.000696044612366667 -0.0310031622666667 0.0056334107 0.000561140866666667
314 -0.000290153889866667 -0.000778847442533333 -0.000760215399033333 -0.0299743222 0.00645202243333333 -0.000133105266666667
