0 0 0 0 0 0 0
16 0 0 0 0 0 0
18 2e-07 -1.28e-05 2.01e-05 0.00123 6e-05 -0.00023
20 6.9e-06 -3.77e-05 0.0001345 0.00486 0.00018 -0.00077
22 6.4e-06 -3.4e-05 0.0001214 0.00439 0.00016 -0.00069
24 -5e-07 -9.31e-05 0.0002233 0.00723 -0.00028 -5e-04
26 -2.38e-05 -5.64e-05 0.0004483 0.01068 -0.00061 -0.00039
28 -2.14e-05 -5.07e-05 0.0004035 0.00961 -0.00055 -0.00035
30 -1.88e-05 -6.28e-05 0.0004379 0.01044 -0.00041 -0.00051
32 -1.82e-05 -7e-05 0.0004564 0.01106 -0.00039 -0.00062
34 -9.7e-06 -7.45e-05 0.0005039 0.01232 -0.00024 -0.00124
36 -8.4e-06 -9.24e-05 0.0004728 0.01155 -0.00023 -0.00123
38 2.86e-05 -0.0001254 0.0010477 0.02375 -0.00052 -0.00327
40 5.59e-05 -0.0001281 0.0017265 0.0372 -0.00149 -0.00481
42 6.29e-05 -0.0001828 0.0016997 0.03338 -0.00132 -0.00442
44 2.9e-05 -0.0003007 0.0007986 0.02385 -0.001 -0.00297
46 3.6e-06 -0.0002689 0.00017 0.01636 -7e-05 -0.00188
48 3.41e-05 -0.0002848 0.0009136 0.03412 -0.00112 -0.00282
50 3.86e-05 -0.0003675 0.001114 0.03745 -0.00117 -0.00293
52 3.71e-05 -0.000391 0.0011663 0.03693 -8e-04 -0.00294
54 4.42e-05 -0.0003888 0.0011211 0.03506 -0.00097 -0.00261
56 3.86e-05 -0.0004612 0.0007822 0.03178 -0.00128 -0.00186
58 2.81e-05 -0.0003173 0.0001757 0.02112 0 -0.0015
60 3.99e-05 -0.0002864 0.0006466 0.02444 -0.00062 -0.00162
62 4.26e-05 -0.0002944 0.0008753 0.02625 -0.00096 -0.00181
64 3.93e-05 -0.0003082 0.0008754 0.02442 -0.00097 -0.00148
66 4.55e-05 -0.0003082 0.0008952 0.02442 -0.00099 -0.00167
68 4.1e-05 -0.0002774 0.0008057 0.02198 -0.00089 -0.0015
70 6.51e-05 -0.0003421 0.0008773 0.02305 -0.00044 -0.00224
72 7.48e-05 -0.0003484 0.0009436 0.02458 -0.00046 -0.00256
74 7.06e-05 -0.0003453 0.0009032 0.02345 -0.00041 -0.00249
76 6.82e-05 -0.0003657 0.0010358 0.02513 -0.00071 -0.00255
78 7.36e-05 -0.0003438 0.0009928 0.02358 -0.00083 -0.00254
80 7.03e-05 -0.0003287 0.0010153 0.02397 -0.00129 -0.00234
82 6.64e-05 -0.0003231 0.0010148 0.02361 -0.00139 -0.00199
84 7.37e-05 -0.000361 0.0010487 0.02437 -0.00157 -0.00231
86 7.31e-05 -0.0003882 0.0010858 0.02517 -0.00153 -0.00235
88 7.59e-05 -0.000356 0.0010633 0.02347 -0.0014 -0.00219
90 8.56e-05 -0.0003071 0.0010538 0.02176 -0.00125 -0.00229
92 8.25e-05 -0.000322 0.0010392 0.02127 -0.00137 -0.00215
94 6.09e-05 -0.0002942 0.0005394 0.01427 -8e-04 -0.00073
96 7.15e-05 -0.000248 0.0006556 0.01867 -0.00092 -0.00105
98 7.52e-05 -0.0003669 0.0010182 0.02753 -0.00193 -0.00179
100 7.04e-05 -0.0003717 0.0009086 0.02416 -0.00192 -0.00168
102 7.9e-05 -0.0003425 0.0008866 0.0227 -0.00187 -0.00185
104 8.76e-05 -0.0003887 0.0008995 0.02203 -0.00164 -0.0021
106 9.39e-05 -0.0003323 0.0009384 0.02193 -0.00153 -0.00201
108 8.86e-05 -0.0003828 0.0010382 0.02508 -0.00177 -0.00213
110 7.9e-05 -0.000437 0.0010781 0.02753 -0.00215 -0.00196
112 7.82e-05 -0.0004103 0.0010353 0.02567 -0.00205 -0.00208
114 7.92e-05 -0.000394 0.0010432 0.02486 -0.00168 -0.0021
116 8.19e-05 -0.0003862 0.0010201 0.02328 -0.00146 -0.00157
118 7.84e-05 -0.0004764 0.001191 0.02965 -0.00223 -0.00168
120 6.89e-05 -0.0004162 0.0006844 0.0261 -0.00147 -0.00161
122 5e-05 -0.0004147 0.0003784 0.02256 -0.00115 -0.00153
124 7.36e-05 -0.0004331 0.0008443 0.0255 -0.00154 -0.00137
126 9.52e-05 -0.0004726 0.0010565 0.02685 -0.00165 -0.00164
128 9.59e-05 -0.0004704 0.0010387 0.02546 -0.00162 -0.00151
130 1e-04 -0.0005196 0.0010388 0.02682 -0.00141 -0.00165
132 9.55e-05 -0.0005091 0.0009491 0.02409 -0.00129 -0.00162
134 0.0001105 -0.0007617 0.0010767 0.04012 -0.00227 -0.00167
136 0.0001503 -0.0008336 0.0011363 0.04574 -0.00227 -0.0015
138 0.000149 -0.0007912 0.0010327 0.03786 -0.00212 -0.00123
140 0.0001884 -0.000672 0.0008128 0.03196 -6e-04 -0.00139
142 0.0001794 -0.0003461 -9.57e-05 0.01329 0.00238 5e-04
144 0.0001408 -0.0003854 -0.0001008 0.01414 0.00167 0.00067
146 0.0001375 -0.0004524 -0.0001069 0.01732 0.00121 -8e-05
148 0.0001459 -0.0004726 6.96e-05 0.02222 0.00043 6e-04
150 0.0001324 -0.0004472 5.54e-05 0.02019 0.00034 0.00057
152 0.0001455 -0.0004336 0.0005316 0.03133 -0.00115 -4e-05
154 0.00017 -0.0003838 0.0009542 0.03554 -0.00109 -0.00061
156 0.0002039 -0.0005042 0.0012892 0.03837 -0.00149 -0.00117
158 0.0002011 -0.0006055 0.0004663 0.03206 0.00082 -0.00267
160 0.0001396 -0.0005886 -0.0002596 0.02153 0.00265 -0.0036
162 0.0001422 -0.0005651 -1.84e-05 0.02672 0.00175 -0.00278
164 0.0001636 -0.0005987 0.0001489 0.03229 0.00183 -0.00314
166 0.0001609 -0.0004892 -1.58e-05 0.02481 0.00226 -0.00298
168 0.0001583 -0.000631 0.0001122 0.03165 0.00148 -0.00268
170 0.0001484 -0.0008069 0.0004355 0.04748 -0.00038 -0.00255
172 0.0001505 -0.0007124 0.0005361 0.04474 0.00016 -0.00253
174 0.000144 -0.0007182 0.0001908 0.03657 0.00098 -0.00181
176 0.0001605 -0.0005921 -0.0001754 0.02483 0.00242 -0.00145
178 0.000151 -0.0006174 -0.0001357 0.02552 0.00234 -0.00159
180 0.0001461 -0.0006693 -6.26e-05 0.02869 0.0021 -0.00154
182 0.000134 -0.0006637 -6.18e-05 0.02773 0.0019 -0.00164
184 0.0001416 -0.0006646 -6.82e-05 0.02763 0.0018 -0.0017
186 0.0001331 -0.0006439 -6.6e-05 0.02612 0.00169 -0.00176
188 0.000136 -0.0006676 -8.67e-05 0.02717 0.00179 -0.00194
190 0.0001291 -0.0008059 3.83e-05 0.04031 0.00129 -0.00241
192 0.0001279 -0.0008371 5.04e-05 0.04244 0.00092 -0.00268
194 0.0001257 -0.0008147 0.0001901 0.04201 0.00045 -0.00243
196 0.0001267 -0.0007572 0.0002394 0.04012 0.00056 -0.00203
198 0.000115 -0.0007212 0.0001578 0.03329 0.00038 -0.00106
200 0.0001105 -0.0006712 -0.000105 0.02864 0.00062 -0.00081
202 0.0001124 -0.0007056 -6.29e-05 0.03015 0.00082 -0.0013
204 0.000144 -0.00077 0.0001292 0.03364 0.00096 -0.00242
206 0.0001446 -0.000762 0.0001478 0.03406 0.00074 -0.00235
208 0.0001374 -0.0007354 0.0001183 0.0321 0.00073 -0.0021
210 0.0001529 -0.0007365 0.0001295 0.03203 0.00119 -0.00246
212 0.0001749 -0.0007879 0.0001436 0.03405 0.00162 -0.0029
214 0.0001711 -0.0007886 0.0001503 0.03238 0.00147 -0.00231
216 0.0001697 -0.000774 0.0001453 0.03041 0.00143 -0.00209
218 0.0001859 -0.0008418 0.0001763 0.03206 0.00145 -0.00221
220 0.0001876 -0.0008089 0.0001817 0.0321 0.00141 -0.00216
222 0.0001699 -0.0007317 0.0001636 0.02891 0.00129 -0.00197
224 0.0001754 -0.0007502 0.0001558 0.02754 0.00152 -0.00217
226 0.0001784 -0.0007473 0.0001473 0.02631 0.00169 -0.00234
228 0.0001813 -0.0007498 0.0001271 0.02509 0.00201 -0.0025
230 0.0002031 -0.0008145 0.0001343 0.02639 0.00261 -0.00317
232 0.000224 -0.0008277 0.0001551 0.02721 0.00304 -0.00356
234 0.000226 -0.0008402 0.000159 0.02845 0.00318 -0.00375
236 0.0002165 -0.0010136 0.0001878 0.03961 0.00185 -0.00384
238 0.0002298 -0.0011968 0.0001485 0.0495 0.00081 -0.00409
240 0.0002568 -0.0007908 -9.1e-05 0.02902 0.00362 -0.00394
242 0.0002487 -0.0008591 -0.0001818 0.0327 0.00368 -0.0041
244 0.0001866 -0.0010916 -8.32e-05 0.04551 0.00068 -0.00289
246 0.0001873 -0.0009464 -0.0001821 0.03741 0.00131 -0.00239
248 0.0001962 -0.0009184 -0.0001558 0.03462 0.00147 -0.00274
250 0.0002208 -0.0008812 -0.0001085 0.03461 0.00222 -0.00324
252 0.0002156 -0.0008606 -0.0001002 0.03279 0.0022 -0.00321
254 0.000237 -0.0009496 -6.4e-05 0.03621 0.00276 -0.00363
256 0.0002278 -0.0010149 2.6e-05 0.04071 0.00252 -0.00353
258 0.00024 -0.0010292 2.32e-05 0.04144 0.00279 -0.00367
260 0.0002408 -0.0010657 2.03e-05 0.04216 0.00304 -0.00355
262 0.0002404 -0.0010981 1.57e-05 0.03954 0.00306 -0.00355
264 0.0002206 -0.001036 -0.0001556 0.03503 0.00382 -0.00441
266 0.0002468 -0.0009792 -0.000233 0.03037 0.00475 -0.00492
268 0.0002613 -0.0009524 -0.0001206 0.0303 0.00431 -0.00492
270 0.0002713 -0.000928 -7.53e-05 0.03 0.00427 -0.00444
272 0.0002457 -0.0008923 -0.0002335 0.02436 0.00582 -0.00388
274 0.0002174 -0.0009201 -0.0003664 0.02201 0.00631 -0.00394
276 0.0002118 -0.0009718 -0.000402 0.02263 0.00644 -0.00464
278 0.0002077 -0.0009194 -0.0004306 0.02106 0.0063 -0.00492
280 0.0002024 -0.0010482 -0.0002449 0.03043 0.00548 -0.00426
282 0.0002517 -0.0012077 0.0009577 0.0643 0.00091 -0.0035
284 0.000221 -0.0009336 -0.0001325 0.03805 0.00417 -0.00234
286 0.000213 -0.0010471 -0.00037 0.03342 0.00517 -0.00234
288 0.0002254 -0.0011835 -0.0002951 0.03798 0.00511 -0.00265
290 0.0002201 -0.0011814 -0.0003133 0.03579 0.00468 -0.00252
292 0.0002126 -0.0012038 -0.0003577 0.03539 0.00399 -0.0023
294 0.000215 -0.0011069 -0.0003483 0.03257 0.00398 -0.00222
296 0.0002256 -0.0010837 -0.0004625 0.03107 0.00423 -0.00145
298 0.0002263 -0.0011326 -0.0004687 0.03227 0.00394 -0.00136
300 0.0002149 -0.0010434 -0.0004327 0.02941 0.00369 -0.00145
302 0.0002232 -0.0011102 -0.0004532 0.02971 0.00391 -0.00184
304 0.0002203 -0.0011417 -0.0004056 0.03223 0.00407 -0.00168
306 0.0002298 -0.0011223 -0.0004577 0.03017 0.00438 -0.00186
308 0.0002341 -0.0011018 7.35e-05 0.04121 0.00412 -0.00226
310 0.0002196 -0.0007796 0.0001533 0.03644 0.00363 -0.00175
312 0.0002696 -0.0008851 0.0009754 0.05637 0.00507 -0.00333
314 0.000444 -0.0019771 0.0014815 0.09925 0.00774 -0.00266
