0 0 0 0 0 0 0
16 0 0 0 0 0 0
18 7e-07 -2e-07 2.8e-06 3e-05 1e-05 -2e-05
20 0.0012978 -0.0010668 0.0035997 0.10749 0.01749 -0.05262
22 0.0011672 -0.0009605 0.0032388 0.09672 0.01575 -0.04736
24 0.0010504 -0.0008645 0.0029149 0.08705 0.01417 -0.04263
26 0.0009362 -0.0007838 0.0026159 0.07824 0.01285 -0.03858
28 0.000761 -0.0007536 0.0022845 0.06944 0.01253 -0.03731
30 0.0006833 -0.0008122 0.0023139 0.0681 0.0148 -0.03968
32 0.0006211 -0.0007927 0.0021847 0.06567 0.01459 -0.03907
34 0.0005567 -0.0008134 0.0019739 0.06017 0.01369 -0.03734
36 0.0005067 -0.0008005 0.0017655 0.0544 0.01259 -0.03404
38 0.0004539 -0.0010189 0.0016331 0.05706 0.01482 -0.03334
40 0.000691 -0.0014828 0.0040691 0.09203 0.02921 -0.03372
42 0.0006177 -0.0012856 0.0035687 0.08158 0.02637 -0.03183
44 0.0005409 -0.0011157 0.0031071 0.07207 0.02355 -0.03016
46 0.000482 -0.0010192 0.0027458 0.06448 0.02111 -0.02759
48 0.0004257 -0.0009501 0.0023954 0.05792 0.01914 -0.02609
50 0.0003805 -0.0008623 0.0021464 0.05213 0.01728 -0.02378
52 0.000349 -0.0008774 0.0018737 0.0482 0.01664 -0.02484
54 0.0003382 -0.0009632 0.0016602 0.04582 0.01701 -0.02674
56 0.0003727 -0.0010965 0.0015492 0.04911 0.01983 -0.02935
58 0.0003787 -0.0010805 0.0015881 0.04981 0.02 -0.0293
60 0.0003645 -0.0010515 0.0015607 0.05062 0.0192 -0.02888
62 0.0003281 -0.0009466 0.0014044 0.04556 0.01728 -0.026
64 0.0002945 -0.0008567 0.0012626 0.041 0.01557 -0.0235
66 0.0002727 -0.0010384 0.0010638 0.0403 0.01556 -0.0252
68 0.0002512 -0.0010161 0.0009343 0.03705 0.01478 -0.02456
70 0.0002381 -0.0010332 0.0008673 0.0388 0.01564 -0.02533
72 0.0002457 -0.001031 0.0009191 0.04703 0.01614 -0.02522
74 0.0002287 -0.0009756 0.0008202 0.04224 0.01517 -0.02407
76 0.0002099 -0.00084 0.0008873 0.04316 0.01734 -0.02543
78 0.0002058 -0.0008786 0.0007789 0.03944 0.01562 -0.0241
80 0.0002334 -0.0009409 0.0007657 0.04328 0.01684 -0.02558
82 0.0002233 -0.0009617 0.0006774 0.04098 0.01638 -0.02534
84 0.0002254 -0.0007976 0.0016126 0.05485 0.01756 -0.0222
86 0.0007123 -0.0016282 0.0026418 0.08376 0.03012 -0.03244
88 0.0005521 -0.0012776 0.0021394 0.07034 0.02615 -0.03061
90 0.0004968 -0.0011501 0.0019251 0.0633 0.02354 -0.02755
92 0.0004466 -0.0010365 0.001731 0.05695 0.02118 -0.02482
94 0.0003906 -0.0009844 0.0015111 0.05136 0.01946 -0.02399
96 0.0003416 -0.0009577 0.0013238 0.04731 0.01827 -0.02392
98 0.0003449 -0.0010883 0.0011604 0.04879 0.02022 -0.02798
100 0.0003432 -0.0011547 0.0010885 0.04929 0.02093 -0.02852
102 0.0003226 -0.0010746 0.0009749 0.04618 0.01982 -0.02682
104 0.0002938 -0.0011069 0.0009451 0.04696 0.02006 -0.02618
106 0.0002846 -0.0010962 0.0009026 0.04498 0.01947 -0.02595
108 0.0002887 -0.0010497 0.0010396 0.05067 0.02235 -0.02609
110 0.0002776 -0.0010016 0.0011844 0.06166 0.02748 -0.02518
112 0.0002529 -0.0009173 0.0010634 0.05528 0.02468 -0.02291
114 0.0002571 -0.0009699 0.0009438 0.04886 0.02261 -0.02333
116 0.0002352 -0.0009767 0.0008391 0.04432 0.02097 -0.02257
118 0.0002275 -0.0010076 0.0007994 0.04352 0.02077 -0.02317
120 0.0002251 -0.0010322 0.0007553 0.04099 0.02025 -0.02275
122 0.0002395 -0.0010747 0.00078 0.04203 0.02091 -0.02366
124 0.0002159 -0.0009717 0.0007012 0.03779 0.01884 -0.02137
126 0.0002101 -0.0009761 0.0006218 0.03447 0.01807 -0.01999
128 0.0002378 -0.0011213 0.0006007 0.03489 0.02049 -0.02069
130 0.0002285 -0.0011027 0.0005586 0.03223 0.0197 -0.02048
132 0.000226 -0.0011418 0.0005585 0.03105 0.02065 -0.02075
134 0.0002177 -0.0011604 0.0005821 0.03186 0.02032 -0.02099
136 0.00019 -0.0010647 0.0005278 0.02917 0.01843 -0.01932
138 0.0001869 -0.0010863 0.0005284 0.028 0.01867 -0.01932
140 0.0001778 -0.0010307 0.0004961 0.02581 0.01753 -0.0185
142 0.0001816 -0.0010133 0.0006513 0.03097 0.01648 -0.01805
144 0.0001608 -0.0009914 0.0006061 0.0301 0.01627 -0.01736
146 0.0001651 -0.0010314 0.0005702 0.02895 0.01716 -0.01829
148 0.000171 -0.0010366 0.0005657 0.02845 0.01729 -0.01823
150 0.0001616 -0.00105 0.0005306 0.0271 0.01751 -0.01803
152 0.0001802 -0.0011419 0.0005731 0.0341 0.01944 -0.01939
154 0.0002189 -0.0011532 0.0009869 0.05753 0.02399 -0.02199
156 0.0002475 -0.0010695 0.0012555 0.04927 0.02372 -0.02219
158 0.0003936 -0.0014791 0.0021772 0.05324 0.02616 -0.02339
160 0.0003935 -0.0014826 0.001926 0.05311 0.02381 -0.02226
162 0.0006685 -0.0014747 0.0017635 0.07489 0.01384 -0.03077
164 0.0005091 -0.0012671 0.0014379 0.05271 0.01391 -0.02216
166 0.0003803 -0.0012065 0.001193 0.04226 0.01358 -0.01868
168 0.0003185 -0.0011185 0.0010526 0.03708 0.01275 -0.01703
170 0.0002733 -0.0010421 0.0009279 0.03271 0.01223 -0.01613
172 0.0002298 -0.0010198 0.0008099 0.0286 0.0127 -0.01644
174 0.0002039 -0.000975 0.0007105 0.0254 0.01221 -0.01578
176 0.0001849 -0.0009493 0.0006332 0.02263 0.01178 -0.01524
178 0.0001913 -0.0011504 0.0005813 0.02255 0.01473 -0.01715
180 0.000178 -0.0010836 0.0005286 0.02115 0.0144 -0.01666
182 0.0002171 -0.0012009 0.0005437 0.02135 0.01698 -0.01858
184 0.0002213 -0.0012055 0.0005672 0.02024 0.01693 -0.01819
186 0.0001948 -0.001135 0.0005207 0.01805 0.01571 -0.01744
188 0.0002249 -0.0012103 0.0005506 0.01637 0.01633 -0.01824
190 0.0002249 -0.0012163 0.0005423 0.01624 0.01631 -0.018
192 0.0002385 -0.0011909 0.0005341 0.01605 0.01641 -0.01814
194 0.0002452 -0.0011817 0.0005518 0.01627 0.01601 -0.0181
196 0.0002081 -0.0011414 0.0004778 0.01846 0.01684 -0.01596
198 0.0002163 -0.0011641 0.000457 0.01984 0.01849 -0.01629
200 0.0002316 -0.0011377 0.0004131 0.01762 0.01839 -0.01663
202 0.0002294 -0.0011519 0.0003799 0.01629 0.01809 -0.0168
204 0.0002252 -0.0011712 0.0003509 0.01575 0.01801 -0.01693
206 0.000247 -0.0012087 0.0003565 0.01509 0.01882 -0.01731
208 0.0002444 -0.0012054 0.0003525 0.01386 0.01851 -0.01758
210 0.0002467 -0.0012409 0.0003808 0.01171 0.01785 -0.01738
212 0.0002333 -0.0012204 0.0003731 0.01142 0.01761 -0.01672
214 0.0002241 -0.0011553 0.0003475 0.01161 0.01743 -0.01614
216 0.00025 -0.0011862 0.000368 0.00954 0.01825 -0.01632
218 0.0002635 -0.0012405 0.0004057 0.00669 0.01863 -0.01637
220 0.0002444 -0.0011702 0.0003747 0.00605 0.01721 -0.01547
222 0.0002476 -0.001156 0.0003692 0.00482 0.01654 -0.01532
224 0.0002683 -0.0012084 0.000411 0.00411 0.01732 -0.01599
226 0.0002392 -0.0011311 0.0003834 0.00531 0.0166 -0.01511
228 0.0002049 -0.0011038 0.000333 0.01211 0.01882 -0.01388
230 0.0002664 -0.0012174 0.0003955 0.00362 0.01612 -0.01465
232 0.0002673 -0.0012105 0.0004406 0.00271 0.01554 -0.0149
234 0.0002597 -0.0011854 0.0004013 0.00128 0.01446 -0.01477
236 0.0002203 -0.0013473 0.0004091 0.01496 0.01938 -0.01458
238 0.0003574 -0.0014035 0.0004021 0.03327 0.01986 -0.01883
240 0.0006041 -0.001092 0.0008917 0.03172 0.01218 -0.02346
242 0.0003452 -0.0011583 0.0006193 0.02249 0.01387 -0.01943
244 0.0002499 -0.0011699 0.000444 0.01628 0.01416 -0.0182
246 0.0002462 -0.0012491 0.0003935 0.00632 0.01443 -0.01772
248 0.0001737 -0.001261 0.0003353 0.02066 0.0172 -0.016
250 0.0001385 -0.0011393 0.0002829 0.02045 0.01614 -0.01514
252 0.0001439 -0.0011113 0.000256 0.01803 0.01633 -0.01773
254 0.0001666 -0.0012153 0.0002973 0.01848 0.01768 -0.0183
256 0.0001683 -0.0011526 0.0002816 0.01713 0.01684 -0.01757
258 0.0001858 -0.0011585 0.0002573 0.01383 0.01592 -0.01764
260 0.0001902 -0.0011757 0.0002573 0.01193 0.01647 -0.01757
262 0.0001855 -0.0011397 0.0002301 0.01066 0.01535 -0.01725
264 0.0001901 -0.0010624 0.0007083 0.0146 0.02228 -0.01776
266 0.0007011 -0.0009918 0.0011748 0.03515 -0.00695 -0.03007
268 0.0006954 -0.0010354 0.0008913 0.02434 -0.00686 -0.02488
270 0.0003374 -0.0011507 0.0007416 0.00868 0.00395 -0.01573
272 0.0002821 -0.0010976 0.0006519 0.0071 0.00397 -0.01448
274 0.0002037 -0.0011356 0.0005856 0.00193 0.00507 -0.01484
276 0.0001889 -0.001098 0.000553 0.00046 0.00503 -0.01376
278 0.000169 -0.0010825 0.0005133 -0.00108 0.00531 -0.0133
280 0.0001809 -0.0011408 0.0004993 -0.00512 0.00705 -0.0135
282 0.0002039 -0.0011224 0.0004757 -0.00731 0.00739 -0.01359
284 0.0001968 -0.0011585 0.0006822 -0.01065 0.00696 -0.01272
286 0.0001772 -0.0010427 0.0006139 -0.00959 0.00627 -0.01145
288 0.0001565 -0.0009395 0.000551 -0.0086 0.0057 -0.01038
290 6.74e-05 -0.0010817 0.0004413 0.00448 0.01223 -0.01247
292 6.03e-05 -0.000974 0.0003971 0.00406 0.01103 -0.01125
294 7.37e-05 -0.0010096 0.000355 0.00419 0.01072 -0.01212
296 0.0001207 -0.0011058 0.0003452 0.00335 0.01166 -0.01458
298 0.0001162 -0.0010371 0.0003141 0.00294 0.01081 -0.01369
300 0.0001101 -0.0010534 0.0002612 0.00239 0.0103 -0.01382
302 0.0001256 -0.0010296 0.0005213 -0.00887 0.01086 -0.01096
304 0.0001225 -0.0009862 0.0006875 -0.0161 0.01075 -0.00926
306 0.0001155 -0.0009361 0.0006425 -0.01606 0.00975 -0.01013
308 0.0001316 -0.0010615 0.0006226 -0.00765 0.0131 -0.01216
310 0.0001653 -0.0011189 0.0006882 -0.00486 0.01286 -0.01267
312 0.0001639 -0.0010879 0.0006557 -0.00826 0.0129 -0.01295
314 0.0001307 -0.001006 0.0005979 -0.00679 0.01187 -0.0119
