0 0 0 0 0 0 0
16 0 0 0 0 0 0
18 2.49e-05 3.83e-05 0.0001608 0.00272 0.00053 -0.00077
20 3.1e-06 0.0001566 0.0007198 0.00469 0.00091 -0.00139
22 -7e-07 0.0001295 0.0006628 0.00417 0.00081 -0.00104
24 -6.5e-06 0.0001088 0.000631 0.00434 0.00073 -0.00054
26 -1.27e-05 0.0001007 0.0005751 0.004 0.00053 -8e-05
28 -1.5e-05 8.93e-05 0.00052 0.00358 0.00043 0.00012
30 -9.61e-05 -1.3e-06 0.0006086 0.0089 -0.00019 0.00107
32 -8.66e-05 -1e-06 0.000548 0.00802 -0.00017 0.00098
34 -8.86e-05 -2.17e-05 0.000514 0.00725 -0.00027 0.0016
36 -0.0001174 1.7e-06 0.0007555 0.00974 -0.00054 0.00216
38 -0.0001132 4.17e-05 0.0007527 0.00972 -0.00053 0.00205
40 -0.0001218 -0.0002341 0.000759 0.02156 -0.00112 0.00204
42 -8.2e-05 -0.0002951 0.0005985 0.02417 -0.00123 0.00248
44 -8.38e-05 -0.0002033 0.0005961 0.02039 -0.00114 0.00247
46 -9.46e-05 -0.0003974 0.000759 0.02616 -0.00151 0.00146
48 -0.0001156 -0.0003971 0.001554 0.03239 0.00112 -0.00037
50 -0.0001627 -0.0005005 0.0014696 0.03968 0.00071 -0.00046
52 -0.000206 -0.000622 0.0018189 0.04769 0.00018 -0.00011
54 -0.0001976 -0.0006905 0.0018587 0.0487 2e-05 0.00027
56 -0.0001876 -0.0006549 0.0017882 0.04732 -0.00043 0.00078
58 -0.0001418 -0.0006806 0.0008025 0.03801 -0.00134 0.00232
60 -0.0002787 -0.0006326 0.002587 0.05589 -0.00174 0.00161
62 -0.0003051 -0.0007271 0.0031957 0.06289 -0.00236 0.00175
64 -0.0002703 -0.0008379 0.0027983 0.06044 -0.00226 0.00224
66 -0.0002475 -0.000833 0.0028186 0.05796 -0.00154 0.00194
68 -0.0002287 -0.0008236 0.0027354 0.05249 -0.00258 0.00206
70 -0.0002276 -0.0008523 0.002776 0.05536 8e-05 -7e-04
72 -0.0002606 -0.0010722 0.0033762 0.06624 0.00301 -0.00342
74 -0.0001353 -0.0012074 0.00244 0.06187 0.00093 -0.00162
76 -0.00018 -0.0012066 0.0027912 0.06556 0.00103 -0.00118
78 -0.0002236 -0.0012197 0.0034118 0.07808 0.00158 -0.00077
80 -9.01e-05 -0.0014478 0.0028809 0.07913 0.00141 -0.00154
82 -0.0001284 -0.001451 0.0027529 0.07117 9e-04 -0.00034
84 -0.0001615 -0.0014001 0.0027926 0.07278 0.00019 0.00026
86 -0.0001769 -0.001412 0.0030758 0.07317 -0.00023 0.00035
88 -0.0001058 -0.0013592 0.0020605 0.06173 -0.00094 0.00039
90 -0.0001349 -0.0013432 0.0013848 0.0634 -0.00118 9e-04
92 -0.0001253 -0.0013632 0.0021004 0.07024 -0.00168 0.00045
94 -0.00014 -0.0013866 0.0025566 0.07506 -0.00255 0.00046
96 -0.0002879 -0.0015038 0.0036663 0.08776 -0.00419 0.00079
98 -0.0003127 -0.001526 0.0041092 0.09357 -0.00371 0.00103
100 -0.0002794 -0.0016572 0.0040709 0.09325 -0.00399 0.00123
102 -0.0002662 -0.0017173 0.0038692 0.09006 -0.00434 0.00144
104 -0.000294 -0.0018912 0.0040583 0.08861 -0.00282 0.00117
106 -0.0003529 -0.0020622 0.0050093 0.09995 -0.00206 -0.00041
108 -0.0003003 -0.0021653 0.0047317 0.10096 -0.00188 -0.00064
110 -0.0002699 -0.0021312 0.0048924 0.09772 -0.00406 0.00138
112 -0.0001132 -0.0020379 0.0024349 0.07026 -0.00317 0.00119
114 -0.0001376 -0.0020799 0.0033771 0.09703 -0.00334 -0.00206
116 -0.0001549 -0.0022025 0.0041149 0.11352 -0.0061 -0.0032
118 -0.000176 -0.002249 0.0040594 0.11103 -0.00619 -0.00261
120 -0.0001623 -0.0022418 0.0040948 0.10679 -0.00605 -0.00265
122 -0.0001864 -0.0021789 0.0036782 0.09842 -0.00544 -0.00163
124 -0.0002259 -0.0025634 0.0015158 0.10399 0.00162 6e-05
126 -7.73e-05 -0.0022407 0.0036693 0.10237 -0.0023 -0.0058
128 -4.12e-05 -0.0021878 0.0033965 0.09296 -0.0022 -0.00546
130 -6.01e-05 -0.0024277 0.0030229 0.08902 -0.0024 -0.00472
132 2.71e-05 -0.0024008 0.0026263 0.08363 -7e-04 -0.00517
134 7.9e-06 -0.0024045 0.0025754 0.09506 -0.0031 -0.00406
136 9e-07 -0.002391 0.0027542 0.09505 -0.00384 -0.00394
138 -5.6e-06 -0.0023967 0.0027715 0.09214 -0.00362 -0.00365
140 -8.7e-06 -0.002294 0.0026692 0.08885 -0.00423 -0.00316
142 -9.3e-06 -0.0022822 0.0025271 0.08219 -0.00382 -0.00217
144 -5.88e-05 -0.0026868 0.0031307 0.09493 -0.00316 -0.00301
146 -4.2e-05 -0.0026706 0.0030649 0.09172 -0.00387 -0.00341
148 1.51e-05 -0.0027303 0.0034236 0.0951 -0.00593 -0.00546
150 -3.86e-05 -0.0026715 0.0034077 0.09175 -0.00376 -0.00437
152 -2.63e-05 -0.0026065 0.0034241 0.08862 -0.00447 -0.00392
154 1.87e-05 -0.0025564 0.0036107 0.08858 -0.00537 -0.00496
156 -2.19e-05 -0.0025732 0.0036033 0.08871 -0.00539 -0.00424
158 -2.55e-05 -0.0026154 0.0036153 0.0882 -0.00581 -0.00403
160 -3.22e-05 -0.0025152 0.0036985 0.08827 -0.00507 -0.00485
162 -2.66e-05 -0.0025941 0.0031631 0.07595 -0.00709 -0.00235
164 -3.64e-05 -0.0026409 0.0028563 0.07478 -0.00753 -0.00149
166 -9.78e-05 -0.0026512 0.0034776 0.08832 -0.00634 -0.00238
168 -0.0001428 -0.0025494 0.0035203 0.08932 -0.00541 -0.00252
170 -0.0001407 -0.0024867 0.0035882 0.08964 -0.00474 -0.00218
172 -8.29e-05 -0.0024742 0.003775 0.08813 -0.0045 -0.00322
174 -5.22e-05 -0.0024734 0.0036221 0.08251 -0.00441 -0.00309
176 -6.62e-05 -0.002415 0.0036018 0.07985 -0.00403 -0.00294
178 -8.91e-05 -0.0023959 0.0038272 0.08488 -0.00394 -0.00394
180 -8.88e-05 -0.0025625 0.0040118 0.09247 -0.00356 -0.00473
182 -0.0001072 -0.0026373 0.003657 0.08662 -0.00426 -0.00315
184 -0.000118 -0.001503 0.0025584 0.02215 -0.00579 0.00152
186 -3.83e-05 -0.0017477 0.0022951 0.03996 -0.00079 -0.00289
188 -5.17e-05 -0.0017573 0.0026165 0.0471 -0.00228 -0.00223
190 -6.87e-05 -0.0019247 0.0025167 0.05503 -0.00309 -0.00225
192 -6.71e-05 -0.0023774 0.002682 0.08682 -0.00242 -0.00452
194 -7.85e-05 -0.0022606 0.0027707 0.07989 -0.00225 -0.00398
196 -3.3e-05 -0.0020407 0.0030105 0.0663 -0.00288 -0.00383
198 -6.48e-05 -0.001875 0.0031123 0.05751 -0.00317 -0.00322
200 -3.82e-05 -0.0018349 0.0030159 0.04679 -0.00032 -0.00273
202 -0.0001282 -0.0022051 0.0039534 0.0803 0.00062 -0.00491
204 -0.0001372 -0.0022519 0.0043944 0.08841 -0.00143 -0.00543
206 5.57e-05 -0.0024365 0.0032928 0.07538 0.00704 0.0017
208 0.0001754 -0.0016858 0.0018327 0.03164 -0.02666 -0.01365
210 0.0001177 -0.0013679 0.00191 0.01906 -0.01832 -0.01227
212 -1.52e-05 -0.0014596 0.0021326 0.02589 -0.01493 -0.0093
214 -1.38e-05 -0.0016544 0.0024385 0.04369 -0.01571 -0.0101
216 -2.4e-05 -0.0016579 0.0024677 0.04326 -0.01547 -0.00982
218 -4.71e-05 -0.0016735 0.0024412 0.04169 -0.01478 -0.00967
220 -5.75e-05 -0.001748 0.0023621 0.04206 -0.01463 -0.00913
222 -4.49e-05 -0.0016547 0.0024451 0.04169 -0.01473 -0.00951
224 -4.31e-05 -0.0016975 0.0026692 0.04898 -0.01416 -0.0107
226 -2.9e-05 -0.0017662 0.0025563 0.04798 -0.01422 -0.01047
228 -2.85e-05 -0.0017429 0.0026258 0.04845 -0.01345 -0.01063
230 -2.88e-05 -0.0018373 0.0028746 0.05647 -0.01342 -0.01137
232 -1.75e-05 -0.0019516 0.0028924 0.05873 -0.01361 -0.01154
234 -1.62e-05 -0.0020164 0.0028745 0.05872 -0.01422 -0.01175
236 -2.08e-05 -0.0020046 0.0029651 0.05931 -0.0148 -0.01177
238 -1.71e-05 -0.0019687 0.0029258 0.05846 -0.01476 -0.01109
240 1.1e-05 -0.001953 0.0028973 0.05501 -0.01492 -0.01133
242 2.92e-05 -0.0019369 0.0029518 0.05365 -0.01573 -0.01101
244 2.31e-05 -0.0020176 0.0027625 0.05442 -0.01588 -0.01075
246 -8.8e-06 -0.0020199 0.002312 0.0526 -0.01595 -0.01012
248 -8.1e-06 -0.0019537 0.0026488 0.05612 -0.01629 -0.01046
250 1.55e-05 -0.0022353 0.0032539 0.08165 -0.01506 -0.01289
252 7.6e-06 -0.0024692 0.0032553 0.09503 -0.01508 -0.01384
254 -1.1e-05 -0.0024594 0.0030911 0.08554 -0.01567 -0.01267
256 -4.85e-05 -0.0023339 0.0028335 0.0761 -0.0158 -0.01161
258 -0.0001005 -0.00231 0.0026094 0.07091 -0.01567 -0.01021
260 -8.45e-05 -0.0023987 0.0028447 0.07922 -0.01563 -0.01084
262 -6.5e-05 -0.0021582 0.0026569 0.06017 -0.01327 -0.00985
264 -0.0001323 -0.001711 0.0021745 0.02797 -0.0142 -0.00589
266 -0.0001118 -0.0016249 0.0019826 0.02206 -0.01317 -0.00769
268 -7.9e-05 -0.0018407 0.0020029 0.03094 -0.01814 -0.00787
270 -5.45e-05 -0.0023012 0.0021903 0.05833 -0.01649 -0.00974
272 -9.08e-05 -0.0022744 0.0024123 0.06108 -0.01635 -0.00933
274 -0.000136 -0.0021648 0.0023951 0.053 -0.01703 -0.00739
276 -0.0001542 -0.0023944 0.0032018 0.07765 -0.01371 -0.01062
278 -0.0001055 -0.0028975 0.0039811 0.11481 -0.00993 -0.01482
280 -7.67e-05 -0.0029022 0.0036218 0.1085 -0.01183 -0.0137
282 -1.95e-05 -0.0026335 0.0030438 0.07885 -0.0121 -0.01139
284 -1.19e-05 -0.0019017 0.0023553 0.03878 -0.00997 -0.01072
286 -8e-06 -0.0018345 0.0021865 0.03308 -0.00967 -0.01148
288 3.35e-05 -0.0021327 0.0033788 0.06712 -0.00805 -0.01588
290 3.62e-05 -0.0020372 0.003393 0.05807 -0.00814 -0.01433
292 0.0001095 -0.0019611 0.0029648 0.04085 -0.00772 -0.0133
294 6.36e-05 -0.0014228 0.0021544 0.00433 -0.00992 -0.013
296 -4.1e-06 -0.001925 0.0024767 0.04213 -0.0104 -0.01188
298 2.36e-05 -0.0020653 0.0026145 0.0547 -0.01068 -0.01201
300 -0.0004336 -0.0018523 0.0017035 0.03106 -0.03272 0.00986
302 -0.0005321 -0.0018747 0.0014983 0.03087 -0.03508 0.01406
304 -0.0003452 -0.0018069 0.0016586 0.02446 -0.02727 0.00605
306 -0.0003669 -0.0017661 0.0016847 0.0236 -0.02847 0.00621
308 -0.0002467 -0.001987 0.0021471 0.04622 -0.02106 -0.00059
310 -0.0002052 -0.00196 0.0021999 0.04536 -0.01904 -0.00265
312 -0.0001982 -0.0021114 0.0022384 0.05207 -0.01935 -0.00257
314 -0.0001738 -0.0021479 0.0023791 0.0596 -0.01948 -0.00334
