0 0 0 0 0 0 0
16 0 0 0 0 0 0
18 -1.71e-05 -6.74e-05 -2.74e-05 -0.00026 0.00033 0
20 -2.42e-05 -0.0001113 -5.34e-05 -0.00035 0.00036 5e-05
22 -3.83e-05 -5.41e-05 -9.4e-06 0 0.00066 9e-05
24 -6.41e-05 -7.42e-05 1.73e-05 7e-05 0.00077 0.00028
26 -9.99e-05 -7.57e-05 6.99e-05 1e-04 0.00076 0.00081
28 -1e-04 -9.87e-05 3.85e-05 6e-05 0.00035 0.00119
30 -5.86e-05 -0.0001134 -2.04e-05 0.00046 0.00051 0.00079
32 -8.61e-05 -7.08e-05 2.96e-05 0.00074 0.00082 0.00094
34 -0.0001751 -1.3e-06 0.0002662 0.00033 0.00058 0.00187
36 -0.0002768 2.62e-05 0.0004568 0.00016 -0.00024 0.00324
38 -0.0002574 1.27e-05 0.0004233 5e-05 -0.00022 0.00294
40 -0.0002571 8e-06 0.0004163 0 -0.00013 0.00276
42 -0.0003057 4.82e-05 0.0005181 -7e-05 0.00019 0.00305
44 -0.0002751 4.33e-05 0.0004663 -6e-05 0.00017 0.00275
46 -0.0002798 1.5e-05 0.0004578 3e-05 3e-04 0.00258
48 -0.0002715 -1.24e-05 0.0004203 0.00013 0.00047 0.00227
50 -0.0002443 -1.12e-05 0.0003782 0.00012 0.00042 0.00205
52 -0.0003475 2.93e-05 0.0005656 7e-05 0 0.00355
54 -0.0003437 2.42e-05 0.0005507 1e-05 -8e-05 0.00361
56 -0.0003465 -3.2e-06 0.0005264 -8e-05 -0.00029 0.00389
58 -0.0003591 -1.48e-05 0.0005193 -0.00015 -0.00042 0.00408
60 -0.0003668 -1.18e-05 0.0005121 -0.00021 -0.00047 0.00409
62 -0.0003842 2e-07 0.0005613 -0.00028 -0.00049 0.00408
64 -0.0003792 -9.8e-06 0.0005547 -3e-04 -0.00051 0.00404
66 -0.0003793 -5.1e-06 0.0005483 -0.00028 -0.00057 0.00414
68 -0.0003813 -2.31e-05 0.0005395 -0.00033 -0.00064 0.00424
70 -0.0003829 -3.45e-05 0.0005321 -0.00031 -0.00065 0.00426
72 -0.0003773 -3.3e-05 0.0005263 -0.00037 -0.00062 0.00416
74 -0.0004059 -3.37e-05 0.0005809 -0.00045 -0.00075 0.00448
76 -0.0003968 -3.22e-05 0.0005652 -0.00041 -0.00082 0.00438
78 -0.0003897 -7.85e-05 0.0005311 -0.00019 -0.00103 0.00428
80 -0.0003508 -7.06e-05 0.000478 -0.00017 -0.00093 0.00386
82 -0.0004014 -4.82e-05 0.0005361 -0.00056 -0.00096 0.00447
84 -0.000396 -6.52e-05 0.0005245 -0.00072 -0.00094 0.00451
86 -0.0004071 -7.43e-05 0.0005627 -0.00081 -0.00095 0.0046
88 -0.0003979 -7.37e-05 0.0005511 -0.00085 -0.00089 0.00446
90 -0.0004187 -6.76e-05 0.000586 -0.00141 -0.00101 0.00481
92 -0.0004794 1.4e-05 0.0006936 -0.00155 -0.0014 0.0057
94 -0.0004794 -8.79e-05 0.0006924 -0.00202 -0.00165 0.00575
96 -0.0004586 -7.59e-05 0.0006796 -0.002 -0.00165 0.00541
98 -0.0004435 -5.15e-05 0.0006582 -0.00198 -0.00158 0.00515
100 -0.000461 -5.2e-05 0.0006877 -0.00217 -0.00165 0.00529
102 -0.0004487 -6.04e-05 0.0006594 -0.0022 -0.00159 0.00509
104 -0.0004662 -5.19e-05 0.0006857 -0.00257 -0.00157 0.00526
106 -0.0004508 -6.83e-05 0.0006566 -0.00243 -0.00139 0.00501
108 -0.0004783 -3.52e-05 0.0006901 -0.00216 -0.00122 0.00491
110 -0.0004775 -6.58e-05 0.0007809 -0.0025 -0.00128 0.00518
112 -0.0004726 -7.27e-05 0.0007526 -0.00232 -0.00132 0.0052
114 -0.0004965 -5.71e-05 0.0007682 -0.00229 -0.00155 0.00567
116 -0.0004814 -7.69e-05 0.0007334 -0.00218 -0.00154 0.00551
118 -0.0004835 -3.41e-05 0.0008162 -0.002 -0.00161 0.0052
120 -0.0004617 -2.29e-05 0.000782 -0.00185 -0.00151 0.00494
122 -0.000493 -4.81e-05 0.0008027 -0.00172 -0.00179 0.00546
124 -0.0005028 -7.42e-05 0.0008049 -0.00193 -0.00201 0.00583
126 -0.0004853 -7e-05 0.000771 -0.00193 -0.00187 0.00563
128 -0.0005154 -5.73e-05 0.0009067 -0.0021 -0.00197 0.00588
130 -0.0005038 -0.000123 0.0008951 -0.0019 -0.00186 0.00575
132 -0.0005229 -0.0001263 0.0008892 -0.0021 -0.00207 0.00615
134 -0.0005011 -0.0001138 0.0008295 -0.00213 -0.00214 0.00619
136 -0.0007007 -8.53e-05 0.0013183 -0.00224 -0.00209 0.00612
138 -0.000961 -0.0002377 0.0027852 0.00867 -0.00326 0.00801
140 -0.0008966 -0.000378 0.0021187 0.0036 -0.00564 0.00872
142 -0.0009222 -0.000365 0.0021035 0.0015 -0.00514 0.00859
144 -0.0009046 -0.0003754 0.0021115 0.00139 -0.00558 0.0087
146 -0.0009122 -0.0003681 0.0020655 0.0013 -0.00583 0.0086
148 -0.0008978 -0.0003799 0.0020685 0.00155 -0.00617 0.00847
150 -0.0009145 -0.0003909 0.0020533 0.00021 -0.00589 0.00884
152 -0.0009141 -0.0003611 0.0020607 -1e-05 -0.0061 0.00898
154 -0.0009199 -0.0003919 0.002025 -0.00033 -0.00569 0.00896
156 -0.0009172 -0.0004187 0.0020258 -0.00033 -0.00573 0.00886
158 -0.0009159 -0.0003604 0.002044 -8e-04 -0.00592 0.00883
160 -0.0009184 -0.0004365 0.00203 -0.00075 -0.00583 0.00888
162 -0.0009202 -0.0004089 0.0020434 -0.00109 -0.006 0.00896
164 -0.0009225 -0.000426 0.0020123 -0.00129 -0.00605 0.00902
166 -0.0009273 -0.0004057 0.0020506 -0.00116 -0.00606 0.00926
168 -0.0009258 -0.0004189 0.0020333 -0.0011 -0.00609 0.00923
170 -0.0009198 -0.0004007 0.0020417 -0.00113 -0.00587 0.00893
172 -0.0009179 -0.0004631 0.0020519 -0.00096 -0.00596 0.00889
174 -0.0009318 -0.000397 0.0020453 -0.00082 -0.0063 0.00933
176 -0.0009318 -0.0004436 0.0020257 -0.00136 -0.00591 0.00923
178 -0.000933 -0.0004604 0.0020095 -0.00108 -0.00612 0.00929
180 -0.0009068 -0.0004098 0.0020464 -0.00116 -0.00608 0.0088
182 -0.0009408 -0.0004302 0.0020261 -0.00076 -0.00588 0.00915
184 -0.0009405 -0.0005007 0.0019025 -0.00082 -0.00563 0.00888
186 -0.000902 -0.0005022 0.0020237 -0.00146 -0.00582 0.00867
188 -0.0009251 -0.0003685 0.0021089 -0.0016 -0.00593 0.00928
190 -0.0009233 -0.0003848 0.0020936 -0.00149 -0.0058 0.00916
192 -0.0008949 -0.0003913 0.0021022 -0.001 -0.00576 0.00863
194 -0.0009005 -0.0005109 0.0020798 0.00133 -0.00603 0.009
196 -0.0008913 -0.0008093 0.0016338 0.00621 -0.00815 0.00961
198 -0.0009312 -0.0005016 0.001866 -0.00097 -0.00716 0.00977
200 -0.0009511 -0.0003632 0.0020689 -0.00198 -0.00713 0.01029
202 -0.0009504 -0.000416 0.0021505 0.00207 -0.00605 0.01005
204 -0.0009218 -0.0004504 0.0021358 0.00035 -0.00643 0.00937
206 -0.0009356 -0.0003762 0.0023543 0.00783 -0.00565 0.00994
208 -0.0009429 -0.0004682 0.0022499 0.0059 -0.00576 0.01003
210 -0.0009555 -0.0004684 0.0021701 0.00223 -0.00624 0.01007
212 -0.0009604 -0.0004961 0.0021407 0.00139 -0.00597 0.00997
214 -0.0009403 -0.0004733 0.0021679 0.00183 -0.00623 0.00949
216 -0.0009447 -0.0004253 0.002199 0.00088 -0.00605 0.00966
218 -0.0009317 -0.000298 0.0025281 0.00194 -0.0073 0.01079
220 -0.0009703 -0.0003574 0.0023229 -0.00023 -0.00768 0.01098
222 -0.0009868 -0.0004577 0.0021202 -0.00063 -0.00755 0.0105
224 -0.0009675 -0.0004516 0.0021766 -0.00035 -0.00711 0.01009
226 -0.000975 -0.0004428 0.0021588 -0.00095 -0.00711 0.01007
228 -0.0009896 -0.000474 0.0021706 -0.00103 -0.00724 0.01043
230 -0.00099 -0.0005004 0.002182 -0.00071 -0.00695 0.01059
232 -0.0009928 -0.0004932 0.0021821 -4e-04 -0.00704 0.01058
234 -0.0009961 -0.000466 0.0021834 -0.00039 -0.00733 0.0107
236 -0.0009963 -0.0004783 0.0021466 -0.00034 -0.00675 0.01073
238 -0.0010029 -0.0004401 0.0022099 -4e-05 -0.00676 0.01056
240 -0.0009991 -0.0004729 0.0021763 2e-04 -0.0067 0.0102
242 -0.0009965 -0.0004993 0.0021668 0.00019 -0.00692 0.01023
244 -0.0009999 -0.0004732 0.0021751 0.00039 -0.00692 0.01026
246 -0.0009982 -0.0004874 0.002147 -0.00051 -0.00687 0.01021
248 -0.0010041 -0.0004809 0.0021691 -0.00018 -0.00699 0.01036
250 -0.0009827 -0.0004638 0.0021794 -0.00021 -0.00705 0.0101
252 -0.0009786 -0.0004566 0.0022122 0.00019 -0.00677 0.00978
254 -0.0009431 -0.0004613 0.0022267 -3e-05 -0.00665 0.00982
256 -0.0009429 -0.0004365 0.0022697 -0.00047 -0.00654 0.01002
258 -0.0009748 -0.0004913 0.0022406 -0.00085 -0.00693 0.01043
260 -0.000969 -0.0004363 0.0022816 0.00035 -0.00667 0.01027
262 -0.0009255 -0.0004549 0.0021278 0.00021 -0.00617 0.00921
264 -0.0009106 -0.0004603 0.0022023 -0.00111 -0.00577 0.00867
266 -0.0009647 -0.0004107 0.0024611 0.00777 -0.00464 0.00925
268 -0.0009516 -0.0004283 0.0024579 0.00865 -0.00471 0.00902
270 -0.0008976 -0.0004412 0.0024179 0.00572 -0.0052 0.00819
272 -0.0009635 -0.0004494 0.0023483 0.003 -0.0056 0.00926
274 -0.0010053 -0.0004926 0.0023087 0.00186 -0.00601 0.01022
276 -0.0009912 -0.0005508 0.0022346 0.00042 -0.00638 0.01023
278 -0.0009613 -0.0005406 0.0022456 0.00177 -0.00616 0.00931
280 -0.0009318 -0.0004195 0.0023278 0.00207 -0.00597 0.00869
282 -0.0009385 -0.000427 0.0023187 0.00182 -0.00574 0.00889
284 -0.000963 -0.0004949 0.0022612 0.00028 -0.00672 0.00992
286 -0.0009876 -0.0005277 0.0021905 -0.00079 -0.00653 0.01034
288 -0.0009822 -0.0004796 0.0022807 0.00079 -0.00637 0.00983
290 -0.0009178 -0.0004154 0.0022512 0.00055 -0.00664 0.0087
292 -0.0008916 -0.0004587 0.0022946 0.00334 -0.00523 0.00744
294 -0.0009872 -0.0005825 0.0022045 0.00339 -0.00559 0.00955
296 -0.0009898 -0.0005678 0.0021948 0.00247 -0.00631 0.01023
298 -0.0009953 -0.0005473 0.0022152 0.00259 -0.00616 0.01007
300 -0.0009755 -0.0005344 0.0022095 0.0023 -0.00622 0.00981
302 -0.0009766 -0.0005716 0.0022543 0.00087 -0.00613 0.00987
304 -0.0009966 -0.0005155 0.0022839 0.00039 -0.00634 0.01019
306 -0.0010121 -0.0005351 0.0023042 0.00012 -0.00651 0.01067
308 -0.001032 -0.0004718 0.0023564 0.00195 -0.0062 0.01088
310 -0.0010184 -0.0005733 0.0022525 0.00055 -0.00632 0.01057
312 -0.0010073 -0.0006182 0.0022232 0.00071 -0.00632 0.0102
314 -0.0010261 -0.0005556 0.0022444 0.00017 -0.00633 0.01037
