0 0 0 0 0 0 0
16 0 0 0 0 0 0
18 5.7e-06 -3.56e-05 -1.57e-05 3e-05 -6e-05 6e-05
20 -4.3e-06 -4.79e-05 -3.38e-05 0.00082 6e-05 0.00033
22 2.38e-05 -2.57e-05 5.79e-05 4e-04 -0.00028 0.00137
24 3.89e-05 7.06e-05 0.0001622 0.00047 -0.00038 0.00161
26 5.2e-06 -4.5e-06 7.58e-05 0.00096 -3e-04 0.0017
28 2.48e-05 4.6e-06 8.55e-05 0.00107 -0.00133 0.00116
30 3.4e-05 3.28e-05 9.43e-05 0.00101 -0.00198 0.00094
32 3.35e-05 3.93e-05 9.1e-05 0.00088 -0.00197 0.00091
34 3.22e-05 3.44e-05 8.62e-05 8e-04 -0.00198 0.00092
36 3.26e-05 1.95e-05 8.14e-05 0.00064 -0.00228 0.0012
38 2.96e-05 1.89e-05 7.58e-05 4e-04 -0.00249 0.0014
40 2.49e-05 1.47e-05 6.82e-05 0.00012 -0.00254 0.00147
42 1.85e-05 4.3e-06 4.67e-05 -0.00039 -0.00288 0.00188
44 -9.4e-06 1.36e-05 4.82e-05 -0.00079 -0.00299 0.00264
46 -3.79e-05 1.97e-05 4.77e-05 -0.00076 -0.00236 0.00405
48 -2.33e-05 2.22e-05 4.93e-05 -0.00083 -0.00328 0.00365
50 -2.1e-05 1.72e-05 4.72e-05 -0.00084 -0.00408 0.00334
52 -1.85e-05 1.53e-05 4.21e-05 -0.00076 -0.00371 0.00301
54 -1.61e-05 1.17e-05 3.58e-05 -0.00077 -0.00356 0.00277
56 -1.59e-05 9e-06 3e-05 -9e-04 -0.00355 0.00268
58 -1.53e-05 6.4e-06 2.49e-05 -0.00102 -0.00358 0.00263
60 -1.57e-05 -6.7e-06 1.69e-05 -0.0014 -0.00385 0.00284
62 -9.3e-06 5.5e-06 2.13e-05 -0.00154 -0.00391 0.00261
64 6.8e-06 3.4e-05 3.1e-05 -0.0024 -0.00514 0.00212
66 5.7e-06 1.97e-05 3.5e-05 -0.00277 -0.00568 0.00147
68 -8.7e-06 -7e-07 3.2e-05 -0.00305 -0.00524 0.00096
70 -3.63e-05 -6.6e-06 1.91e-05 -0.00475 -0.00442 0.00162
72 -2.02e-05 2.6e-05 2.76e-05 -0.00459 -0.00499 0.00105
74 -1.56e-05 2.34e-05 2.89e-05 -0.00422 -0.00477 8e-04
76 -1.34e-05 1.8e-05 2.58e-05 -0.00399 -0.00458 7e-04
78 -1.24e-05 -1.65e-05 2.6e-05 -0.00383 -0.00514 0.00014
80 -1.48e-05 -1.43e-05 4.66e-05 -0.00318 -0.00561 -0.00072
82 -1.36e-05 -2.2e-06 4.27e-05 -0.00305 -0.0055 -0.00044
84 -4.9e-06 8.9e-06 4.54e-05 -0.00287 -0.00559 -0.00018
86 -3.6e-06 1.69e-05 4.53e-05 -0.00278 -0.00561 -1e-05
88 -2.2e-06 1.42e-05 4.35e-05 -0.00266 -0.00531 1e-05
90 -7e-06 1.47e-05 4.26e-05 -0.00269 -0.00533 0.00019
92 -9.4e-06 1.94e-05 4.23e-05 -0.00276 -0.00532 0.00037
94 -5.6e-06 6.35e-05 0.0001017 -0.00244 -0.00636 -0.00026
96 -5e-06 5.72e-05 9.15e-05 -0.00219 -0.00572 -0.00023
98 -1.04e-05 4.71e-05 9.06e-05 -0.00223 -0.00563 -0.00019
100 -1.13e-05 3.93e-05 8.77e-05 -0.00221 -0.00568 -0.00029
102 6.1e-06 3.18e-05 9.45e-05 -0.00206 -0.00666 -0.00121
104 7.7e-06 3.62e-05 1e-04 -0.00167 -0.00649 -0.00125
106 5.5e-06 3.6e-05 0.0001024 -0.00138 -0.00631 -0.0012
108 4.5e-06 2.38e-05 9.86e-05 -0.0013 -0.00599 -0.00085
110 4.43e-05 1.64e-05 0.0001324 -0.00103 -0.01009 -0.00054
112 -0.0003467 7.1e-06 0.0001222 -0.00341 -0.02186 0.01724
114 -0.0001822 -7e-06 0.0002327 0.00055 -0.01942 0.00829
116 -1.54e-05 1.3e-06 0.0002327 0.00031 -0.01496 8e-04
118 -0.0001198 0.0001223 0.0005909 0.01118 -0.01288 0.00342
120 -9.38e-05 0.0005611 0.0017215 0.0292 -0.00764 -0.00118
122 -9.07e-05 0.0004197 0.0015669 0.02897 -0.00764 -0.00064
124 -9.97e-05 0.0003284 0.0014748 0.02956 -0.00787 -0.00033
126 -0.000101 0.0002168 0.0013051 0.0302 -0.00807 -1e-04
128 -0.0001152 9.69e-05 0.0010796 0.0266 -0.00597 0.00201
130 -2.43e-05 0.0001598 0.0010882 0.02407 -0.01129 -0.00356
132 -0.0001335 6.47e-05 0.0009697 0.02253 -0.01344 0.00108
134 -0.0002104 -3.82e-05 0.0006833 0.01989 -0.01206 0.00619
136 -0.0001282 2.8e-05 0.0007723 0.02005 -0.01609 0.00197
138 -0.0001277 5.56e-05 0.0008155 0.02101 -0.01636 0.0019
140 -0.0001273 -2.4e-06 0.0007861 0.02071 -0.01608 0.00189
142 -0.0001354 1.36e-05 0.0008024 0.02181 -0.01216 0.00382
144 -0.0001261 1e-05 0.0007694 0.02014 -0.01425 0.00273
146 -0.0001385 2.38e-05 0.0007882 0.02058 -0.01547 0.00261
148 -0.0001311 2.21e-05 0.0007707 0.02035 -0.01564 0.00237
150 -0.000133 2.46e-05 0.0007711 0.02039 -0.01599 0.00246
152 -0.0001312 1.08e-05 0.0007657 0.02024 -0.01588 0.00256
154 -0.0001326 -6.3e-06 0.000762 0.02053 -0.01605 0.00245
156 -0.0001327 -4.2e-06 0.0007647 0.02063 -0.01606 0.0025
158 -0.000123 1.58e-05 0.0007817 0.02088 -0.01634 0.00247
160 -0.0001264 2.3e-06 0.0007493 0.0199 -0.01537 0.00267
162 -0.0001484 2.36e-05 0.0007535 0.01905 -0.01373 0.0045
164 -0.0001244 3.74e-05 0.0008119 0.01879 -0.01214 0.00384
166 -0.0001549 5.38e-05 0.0008058 0.02 -0.01168 0.00451
168 -0.0001613 1.35e-05 0.0007718 0.02004 -0.01132 0.00456
170 -0.0001604 1.42e-05 0.0007754 0.02079 -0.01144 0.0047
172 -0.0001665 2.78e-05 0.0007679 0.02102 -0.01136 0.00482
174 -0.0001768 -4e-07 0.0007631 0.02134 -0.01144 0.00504
176 -0.0001749 1.01e-05 0.000767 0.02115 -0.01124 0.00486
178 -0.0001712 1.31e-05 0.0007603 0.02137 -0.0111 0.00476
180 -0.0001819 -6e-07 0.0007735 0.02159 -0.01102 0.00491
182 -0.0001768 -2.7e-06 0.0007577 0.02111 -0.01115 0.00482
184 -0.000197 2.8e-06 0.0007458 0.02066 -0.00977 0.00547
186 -0.0002592 -1.87e-05 0.0007655 0.02062 -0.00593 0.00714
188 -0.0002435 -1.52e-05 0.0006999 0.01891 -0.00535 0.00672
190 -0.0002468 -1.93e-05 0.0006896 0.0186 -0.00527 0.00709
192 -0.0002351 -5.9e-06 0.0007369 0.01983 -0.00587 0.00725
194 -0.0002172 -3.5e-06 0.0007498 0.01982 -0.00615 0.00689
196 -0.0002133 -3.6e-06 0.0007449 0.01959 -0.0062 0.0068
198 -0.0002032 1.4e-05 0.000746 0.01922 -0.00646 0.00658
200 -0.0002189 -9.5e-06 0.0007755 0.01941 -0.00588 0.00643
202 -0.0001418 0.0001019 0.0010806 0.02624 -0.00963 0.00524
204 -6.6e-05 0.0001843 0.0012958 0.02619 -0.01245 0.0034
206 -0.0001178 0.0001411 0.0012272 0.02515 -0.01064 0.00463
208 -0.0001808 3.6e-06 0.0010258 0.02767 -0.01393 0.00608
210 -0.00016 -1.12e-05 0.0010805 0.02981 -0.0157 0.0058
212 -9.64e-05 0.0001159 0.0010784 0.02445 -0.01044 0.00329
214 -0.000118 2.73e-05 0.0010206 0.02627 -0.01164 0.00442
216 -0.000116 1.26e-05 0.0009944 0.02559 -0.01147 0.00451
218 -0.000114 1.62e-05 0.0009991 0.02694 -0.01175 0.00449
220 -9.84e-05 2.4e-05 0.000974 0.02593 -0.01236 0.00356
222 -9.56e-05 1.51e-05 0.0009826 0.02701 -0.0124 0.00326
224 -8.12e-05 -1.37e-05 0.0009798 0.02652 -0.01246 0.00295
226 -0.0001019 -3.64e-05 0.0009769 0.02626 -0.01259 0.00374
228 -0.0001163 -1.04e-05 0.0010444 0.02462 -0.0125 0.00377
230 -0.0001192 4.3e-06 0.000979 0.02256 -0.01202 0.00354
232 -0.0001141 4.14e-05 0.0009894 0.02088 -0.01266 0.00307
234 -0.0001284 5.76e-05 0.0009505 0.01925 -0.01276 0.00357
236 -0.0001243 8.59e-05 0.0010701 0.02298 -0.01453 0.00382
238 -6.79e-05 0.000169 0.0012538 0.02622 -0.01504 0.00302
240 -8.97e-05 7.9e-05 0.0011197 0.02372 -0.01399 0.00295
242 -9.26e-05 8.08e-05 0.0011369 0.02498 -0.01359 0.00317
244 -9.77e-05 6.71e-05 0.0011307 0.02505 -0.01325 0.00345
246 -6.58e-05 6.71e-05 0.0011183 0.0257 -0.01416 0.00216
248 -5.78e-05 3.45e-05 0.001029 0.02288 -0.01371 0.00189
250 -5.18e-05 2.29e-05 0.00101 0.02061 -0.01498 0.00193
252 -5.04e-05 8.84e-05 0.0010365 0.02052 -0.01611 0.00185
254 -6.07e-05 5.41e-05 0.0010489 0.02109 -0.01586 0.00202
256 -5.92e-05 5.83e-05 0.0010441 0.02133 -0.01552 0.00201
258 -6.91e-05 6.52e-05 0.0010325 0.02124 -0.01512 0.00223
260 -8.42e-05 6.6e-05 0.0010559 0.0224 -0.01259 0.00333
262 2.8e-06 4.19e-05 0.001008 0.02174 -0.01588 0.00131
264 4.9e-06 4.15e-05 0.0010225 0.02292 -0.01698 0.00148
266 -1.28e-05 3.58e-05 0.0009972 0.02257 -0.0168 0.00168
268 -2.68e-05 -3.09e-05 0.0010446 0.02616 -0.01438 0.00211
270 -4.05e-05 2.75e-05 0.0012192 0.02667 -0.01138 0.00105
272 -4.52e-05 0.0001802 0.0013401 0.0225 -0.01108 0.00269
274 -7.4e-06 0.0001698 0.0014221 0.02409 -0.01126 0.00273
276 3.61e-05 0.000272 0.0014687 0.02119 -0.01079 0.00264
278 -1.45e-05 7.49e-05 0.0012606 0.02291 -0.01099 0.00267
280 -3.61e-05 -1.32e-05 0.0010787 0.02383 -0.01112 0.00282
282 -2.73e-05 6.01e-05 0.0010933 0.0205 -0.011 0.00283
284 -7e-06 8.72e-05 0.0011035 0.01904 -0.01038 0.00274
286 -4.2e-06 6.42e-05 0.0010416 0.01833 -0.00953 0.00236
288 0 3.39e-05 0.0010895 0.0198 -0.0099 0.00249
290 -1.18e-05 6.7e-05 0.0011339 0.02077 -0.00989 0.00238
292 -1.81e-05 8.05e-05 0.0010856 0.02097 -0.01026 0.00223
294 -2.23e-05 1e-05 0.0010858 0.02218 -0.01046 0.00201
296 -2.05e-05 4.11e-05 0.001084 0.02283 -0.01053 0.0018
298 -1.81e-05 4.49e-05 0.0010492 0.02168 -0.01042 0.0018
300 -2e-05 2.16e-05 0.0010606 0.02218 -0.01068 0.00179
302 -1.59e-05 1.08e-05 0.0010537 0.02177 -0.01037 0.00161
304 -4.17e-05 -1.47e-05 0.001041 0.02178 -0.01124 0.00263
306 3.62e-05 3.08e-05 0.0010839 0.02236 -0.00825 -0.00031
308 0.0009689 -0.0007927 0.000403 0.02492 0.01971 -0.04084
310 0.0012221 -0.0012628 -0.0001373 0.02701 0.03089 -0.05524
312 0.0003031 -0.0001274 0.0004077 0.00501 -0.00094 -0.00995
314 0.0002359 -5.93e-05 0.0004778 5e-04 -0.00551 -0.00201
