0 0 0 0 0 0 0
16 0 0 0 0 0 0
18 -4.91e-05 5.12e-05 0.0001369 0.00658 -0.00036 0.00279
20 -5.23e-05 1.18e-05 0.0002507 0.01327 -0.00165 0.00541
22 -4.71e-05 1.06e-05 0.0002257 0.01194 -0.00149 0.00487
24 -3.15e-05 2.6e-06 0.0003586 0.01827 -0.00409 0.00807
26 -3.96e-05 -5.34e-05 0.0002582 0.02248 -0.00556 0.00891
28 -5.51e-05 -0.0001035 0.0002568 0.02153 -0.00487 0.00822
30 -8.88e-05 -0.0001643 0.0003308 0.02137 -0.00354 0.0071
32 -0.0001016 -7.93e-05 0.0003848 0.02081 -0.00316 0.0075
34 -0.0001115 -4.27e-05 0.0004247 0.02208 -0.00301 0.00822
36 -0.0001231 -8.25e-05 0.0004632 0.02441 -0.0031 0.00891
38 -0.0001226 -5.88e-05 0.0004626 0.02313 -0.00335 0.00868
40 -0.0001574 -5.76e-05 0.0006099 0.02843 -0.00454 0.0112
42 -0.0001899 -0.0001194 0.000585 0.03098 -0.0063 0.01326
44 -0.000181 -0.0001563 0.0005707 0.0305 -0.00709 0.01337
46 -0.0001794 -0.0001673 0.0005605 0.03059 -0.00721 0.01304
48 -0.0001898 -0.000107 0.000649 0.0336 -0.00768 0.01411
50 -0.0001335 -9.29e-05 0.0006637 0.03162 -0.00919 0.01159
52 -9.76e-05 -0.0001033 0.000648 0.02628 -0.00872 0.00941
54 -0.0001636 -0.0001347 0.0005979 0.02923 -0.00782 0.01284
56 -0.0001789 -0.0001293 0.0006366 0.03032 -0.00809 0.01253
58 -0.0001907 -0.0001077 0.0006598 0.0312 -0.00807 0.01307
60 -0.000177 -0.0001373 0.0006324 0.03013 -0.00793 0.01267
62 -0.0001831 -0.0001204 0.0006557 0.03047 -0.0089 0.01293
64 -0.00019 -0.0001146 0.0006432 0.0307 -0.00953 0.0134
66 -0.0001875 -0.0001393 0.0006337 0.03057 -0.00925 0.01318
68 -0.0001975 -0.0001436 0.0006402 0.03034 -0.00974 0.01362
70 -0.0002188 -0.0001361 0.0006294 0.02882 -0.01085 0.01404
72 -0.0002018 -0.0001394 0.0005795 0.02774 -0.01023 0.01296
74 -0.0002101 -0.0001572 0.0005833 0.0293 -0.00953 0.01304
76 -9.51e-05 -0.0001917 0.0003481 0.02483 -0.01072 0.01221
78 -4.01e-05 -0.000222 0.0003296 0.02337 -0.01165 0.01209
80 -8.25e-05 -0.000162 0.00053 0.02663 -0.01223 0.01226
82 -7.74e-05 -0.0002164 0.0005119 0.026 -0.01155 0.01228
84 -6.7e-05 -0.0001993 0.0004888 0.02613 -0.01214 0.01246
86 -5.42e-05 -0.0001629 0.0004436 0.02553 -0.0121 0.01229
88 -7.56e-05 -0.0001979 0.0004662 0.02523 -0.01182 0.01243
90 -7.96e-05 -0.0002288 0.0004322 0.02519 -0.01182 0.01238
92 -7.95e-05 -0.0002226 0.0004013 0.02368 -0.0112 0.012
94 -8.3e-05 -0.0001916 0.0004194 0.0245 -0.01149 0.01234
96 -7.89e-05 -0.0001522 0.0004597 0.02346 -0.01034 0.01185
98 -7.49e-05 -0.0001662 0.0004365 0.02216 -0.00984 0.01138
100 -8.89e-05 -0.0003578 0.0003846 0.02187 -0.00966 0.01113
102 -0.000101 -0.0001743 0.0004188 0.02397 -0.00954 0.01136
104 -8.32e-05 -0.0001839 0.0003671 0.02261 -0.00902 0.01102
106 -4.25e-05 -0.0007739 -0.0006285 0.02887 -0.01108 0.01282
108 -0.0001118 -0.0001965 0.000355 0.03096 -0.0095 0.01248
110 -0.0001044 -0.0002257 0.0003605 0.02969 -0.00912 0.01202
112 -0.0001259 -0.0003178 0.0003877 0.03047 -0.00944 0.01237
114 -0.0001325 -0.0003105 0.0003724 0.02928 -0.00936 0.0122
116 -0.0001354 -0.0003417 0.0003465 0.02831 -0.00946 0.01214
118 -0.0001493 -0.0003456 0.0003763 0.02943 -0.00994 0.01261
120 -0.0002277 -0.0002854 0.0006255 0.04209 -0.01092 0.01476
122 -0.0002241 -0.0003165 0.0005729 0.04162 -0.01059 0.01491
124 -0.0002124 -0.0003768 0.0004751 0.03648 -0.01049 0.01407
126 -0.0001863 -0.0003155 0.0005777 0.03643 -0.01135 0.01406
128 -0.0001444 -0.0005236 -0.0001862 0.0376 -0.02033 0.01511
130 -0.0001194 -0.0003321 -7.85e-05 0.02917 -0.01882 0.01344
132 -0.0002438 -0.0002556 0.000434 0.02629 -0.01534 0.01396
134 -0.0002518 -0.0003425 0.0003722 0.03189 -0.01487 0.01448
136 -0.0002356 -0.0002834 0.0004902 0.03437 -0.01507 0.01508
138 -0.00024 -0.0003688 0.0004488 0.03306 -0.01443 0.01463
140 -0.00024 -0.0003191 0.0004098 0.03152 -0.01398 0.01428
142 -0.0002463 -0.0003295 0.0004846 0.03397 -0.01493 0.01469
144 -0.0002434 -0.0003521 0.0004673 0.03315 -0.01495 0.01463
146 -0.0002369 -0.0003174 0.0004635 0.03144 -0.01482 0.01406
148 -0.0002557 -0.0002895 0.0005463 0.03326 -0.01525 0.01456
150 -0.0002607 -0.0003341 0.0005143 0.0341 -0.01607 0.0149
152 -0.0001914 -0.0003672 0.0005199 0.03689 -0.00484 0.01358
154 8.38e-05 -0.0004269 0.0003924 0.04726 0.02163 0.00574
156 -4.26e-05 -0.000321 0.0005111 0.041 0.00652 0.00978
158 -7.13e-05 -0.0003361 0.00049 0.0374 0.00454 0.00896
160 -9.8e-05 -0.0002438 0.0005781 0.03907 0.00456 0.00974
162 -6.22e-05 -0.0004355 -5.61e-05 0.01229 -1e-05 0.00812
164 -0.0001814 -0.0004877 -0.0001699 0.0292 -0.00588 0.01392
166 -0.0002526 0.0003251 0.0009868 0.05794 -0.01432 0.01983
168 -0.0002701 0.0001637 0.0010093 0.05147 -0.01451 0.02011
170 -0.0002943 7.76e-05 0.0010461 0.04617 -0.01592 0.01881
172 -0.0002912 0.000126 0.0010864 0.05601 -0.01729 0.01876
174 -0.0003166 9.2e-06 0.0012414 0.06123 -0.01644 0.01933
176 -0.0003212 -0.0001711 0.0011542 0.05885 -0.01621 0.01959
178 -0.0002823 -0.0002294 0.0010163 0.05247 -0.01359 0.01584
180 -0.0003002 -0.0001936 0.0008368 0.04432 -0.01475 0.01666
182 -0.0001953 -0.0001925 0.0007459 0.03614 -0.02157 0.01425
184 -0.0001954 -6.38e-05 0.0008267 0.03435 -0.01999 0.01425
186 -0.0002356 -4.12e-05 0.0008352 0.03392 -0.01926 0.01465
188 -0.0002414 -0.000106 0.0008617 0.03596 -0.01941 0.01486
190 -0.0002479 -0.000146 0.0008683 0.03623 -0.01903 0.01495
192 -0.0002607 -0.0001071 0.0008982 0.03622 -0.0189 0.01509
194 -0.0002595 -0.0001441 0.0008707 0.03775 -0.01854 0.01494
196 -0.000276 -0.0001714 0.0008901 0.03793 -0.01876 0.01503
198 -0.0001737 -0.000228 0.0007499 0.04082 -0.01975 0.01421
200 -0.0001848 6.44e-05 0.0011772 0.04604 -0.02305 0.01684
202 -0.0004277 0.0002565 0.0016207 0.04744 -0.01969 0.0181
204 -0.0003095 -0.000125 0.0010777 0.04053 -0.01809 0.01596
206 -0.0003414 -6.32e-05 0.0012404 0.04307 -0.01782 0.0153
208 -0.0003098 -0.0002271 0.0008067 0.03703 -0.01814 0.01483
210 -0.0003103 -0.0002397 0.000757 0.03513 -0.01853 0.01518
212 -0.0002937 -0.0002451 0.0007112 0.03405 -0.01778 0.01376
214 -0.0002847 -0.0002853 0.0006622 0.03413 -0.01773 0.0137
216 -0.0002802 -0.0002757 0.000616 0.03285 -0.01925 0.01375
218 -0.0002993 -0.0002756 0.0006619 0.03528 -0.01295 0.0134
220 -0.0002266 -0.0003494 0.000441 0.02889 8e-04 0.01099
222 -0.0003503 -0.0002224 0.0004951 0.0249 -0.02122 0.01796
224 -0.0002028 -0.0001774 0.0005803 0.02575 -0.01118 0.01206
226 -0.0001616 -0.0002501 5e-04 0.02409 -0.01121 0.00967
228 -0.0001984 -0.0002696 0.0004703 0.02384 -0.01064 0.01184
230 -0.0002286 -0.0002978 0.0004645 0.02571 -0.01095 0.01281
232 -0.0002233 -0.0003238 0.0004346 0.02521 -0.01121 0.01283
234 -0.0002237 -0.0002903 0.0004441 0.02499 -0.0125 0.01287
236 -0.0002308 -0.0002938 0.0004398 0.02477 -0.01284 0.01312
238 -0.0002238 -0.0003012 0.0004037 0.0243 -0.01326 0.01294
240 -0.000214 -0.0002866 0.0003755 0.02219 -0.01244 0.01208
242 -0.0002465 -0.0003353 0.0004562 0.02655 -0.01379 0.01319
244 -0.0002486 -0.0003393 0.000453 0.027 -0.01376 0.0133
246 -0.0002405 -0.0003356 0.0004099 0.02521 -0.01313 0.01293
248 -0.0002372 -0.0003992 0.0004453 0.02381 -0.01387 0.01291
250 -0.0002506 -0.0002679 0.0004059 0.02449 -0.01391 0.01331
252 -0.0002583 -0.0001126 0.0006281 0.04358 -0.01496 0.01526
254 -0.0002731 -8.2e-05 0.0008073 0.04729 -0.01448 0.01511
256 -0.0002725 -0.0002773 0.0007244 0.04482 -0.01434 0.01531
258 -0.0002768 -0.0004002 0.0007099 0.04613 -0.01526 0.01524
260 -0.0002159 -0.0001929 0.0008348 0.04708 -0.0193 0.01436
262 -0.0002058 -9.59e-05 0.0007649 0.05726 -0.01981 0.01439
264 -0.0002479 -0.0001475 0.0007948 0.05431 -0.01971 0.01406
266 -0.0002569 -0.0001969 0.0007937 0.04635 -0.01375 0.01334
268 -0.0002903 -0.000161 0.0009652 0.052 -0.01467 0.01473
270 -0.0003065 -0.0002212 0.0009431 0.04951 -0.01554 0.01563
272 -0.0002948 -0.0002283 0.0008639 0.04792 -0.01624 0.01555
274 -0.0002934 -0.0002374 0.0008955 0.05017 -0.01648 0.01583
276 -0.0002965 -0.0002456 0.0009008 0.04952 -0.01673 0.01587
278 -0.0002936 -0.0002618 0.0008244 0.04605 -0.0166 0.01557
280 -0.0002912 -0.0001964 0.0009323 0.04933 -0.01833 0.0167
282 -0.0003172 -0.0002129 0.000979 0.05127 -0.01739 0.01657
284 -0.0002857 -0.0002438 0.0008825 0.04674 -0.01728 0.01574
286 -0.0002722 -0.0003276 0.0006958 0.04323 -0.01631 0.01507
288 -0.0002703 -0.0003053 0.0006423 0.04167 -0.01563 0.01492
290 -0.0002723 -0.0003377 0.0007011 0.04279 -0.01636 0.01521
292 -0.0002725 -0.0004057 0.0006055 0.04154 -0.01591 0.01525
294 -0.0002536 -0.0003631 0.0006325 0.04138 -0.01628 0.01465
296 -0.0002334 -0.0003403 0.0005452 0.04004 -0.01748 0.01501
298 -0.0002063 -0.0004069 0.0005185 0.03768 -0.01577 0.01251
300 -7.54e-05 -0.0004406 0.0001875 0.02324 -0.00388 0.0079
302 -0.0001461 -0.0004095 0.0001864 0.02175 -0.00677 0.00996
304 -0.000179 -0.0003878 9.8e-05 0.02567 -0.01029 0.00968
306 -4.85e-05 -0.0004591 7.62e-05 0.02639 -0.01517 0.00854
308 0.0002176 -0.0011569 -0.0010878 -0.00494 -0.008 -0.00444
310 0.0009317 -0.0014554 -0.003698 -0.09751 0.00652 -0.02874
312 0.0009917 -0.0018717 -0.004377 -0.08833 -0.00301 -0.02368
314 0.0013752 -0.0021272 -0.005825 -0.13823 0.00693 -0.04214
