0 0 0 0 0 0 0
16 0 0 0 0 0 0
18 -4e-07 -2.3e-06 2.26e-05 0.00141 -0.00046 0.00037
20 -2.2e-06 -1.11e-05 4.45e-05 0.00261 -0.00088 0.00065
22 -5.6e-06 3.8e-06 3.37e-05 0.00204 -0.00068 0.00071
24 2.8e-06 1.16e-05 3.07e-05 0.00149 -0.00075 0.00049
26 -2.56e-05 -1.09e-05 -1.09e-05 0.00166 -0.0013 0.00068
28 -2.68e-05 -1.11e-05 -1.07e-05 0.00154 -0.00117 0.00072
30 -1.81e-05 -8.9e-06 7e-07 0.0016 -0.00116 8e-04
32 -1.45e-05 1.09e-05 3.55e-05 0.00186 -0.00118 0.00119
34 6.1e-06 4.07e-05 7.09e-05 0.00135 -0.00114 0.00116
36 -3.4e-06 3.04e-05 1.95e-05 0.00032 -0.00097 0.00093
38 -5.4e-06 2.97e-05 1.76e-05 0.00019 -0.00083 0.00093
40 3.6e-06 3.77e-05 2.95e-05 -0.00042 -0.00072 8e-04
42 9.6e-06 4.43e-05 2.84e-05 -0.00124 -0.00045 0.00073
44 1.17e-05 5.52e-05 1.86e-05 -0.00143 -0.00023 0.00065
46 2e-06 6.76e-05 -1.4e-06 -0.00253 2e-04 0.00058
48 -4.4e-06 6.83e-05 1.03e-05 -0.00291 0.00031 0.00067
50 5e-07 7.52e-05 -6.2e-06 -0.00386 0.00055 0.00043
52 1.3e-06 8.17e-05 -2.02e-05 -0.00447 0.00068 0.00028
54 -2.1e-06 8.81e-05 -2.54e-05 -0.00471 7e-04 0.00021
56 -2.9e-06 8.61e-05 -2.69e-05 -0.0046 0.00069 0.00022
58 -1.8e-06 8.78e-05 -2.79e-05 -0.00497 0.00072 0.00028
60 -2.4e-06 9.33e-05 -2.56e-05 -0.00489 0.00071 0.00029
62 -6.3e-06 0.0001044 -3.52e-05 -0.00574 0.00091 0.00043
64 -8.1e-06 0.0001014 -4.35e-05 -0.00622 0.00108 0.00046
66 -7e-06 0.0001085 -4.83e-05 -0.00665 0.00112 0.00051
68 -1.08e-05 0.0001115 -5.82e-05 -0.00703 0.00117 0.00052
70 -1.85e-05 0.0001051 -7.26e-05 -0.00739 0.00122 0.00054
72 -1.84e-05 9.71e-05 -7.33e-05 -0.00722 0.00119 5e-04
74 -1.53e-05 9.67e-05 -8.33e-05 -0.0078 0.00131 0.00055
76 -1.6e-05 9.98e-05 -8.22e-05 -0.00767 0.00128 0.00051
78 -1.65e-05 0.0001016 -7.82e-05 -0.00753 0.00126 5e-04
80 -1.69e-05 9.97e-05 -7.73e-05 -0.00745 0.00122 0.00049
82 -1.81e-05 9.69e-05 -8.58e-05 -0.00809 0.00134 0.00045
84 -1.98e-05 8.56e-05 -7.67e-05 -0.0076 0.00131 0.00041
86 -2.13e-05 9.92e-05 -8.31e-05 -0.00826 0.00146 0.00041
88 -2.03e-05 0.000101 -7.95e-05 -0.00812 0.00143 4e-04
90 -2.05e-05 0.0001084 -7.72e-05 -0.00865 0.00156 0.00043
92 -1.75e-05 0.0001036 -8.01e-05 -0.0085 0.00159 4e-04
94 -1.67e-05 0.0001042 -8.22e-05 -0.00837 0.00163 0.00041
96 -1.19e-05 0.000104 -8.09e-05 -0.00815 0.00174 3e-04
98 -2.1e-05 0.0001597 -9.83e-05 -0.01077 0.00236 3e-04
100 -2.37e-05 0.0001112 -0.0001634 -0.01385 0.00237 0.00016
102 -2.57e-05 9.55e-05 -0.000191 -0.01311 0.00229 0.00036
104 0.0001973 0.0002777 0.0014557 0.02395 0.0054 -0.00255
106 0.0002422 0.0007304 0.0025075 0.03275 0.00572 -0.00302
108 0.0001761 0.0007249 0.0022217 0.02385 0.00646 -0.00284
110 6e-07 0.0006515 0.0019083 0.0211 0.00727 -0.00268
112 7.6e-06 0.0005944 0.0017782 0.01905 0.00642 -0.00206
114 2.97e-05 0.0005224 0.001736 0.0192 0.00432 -0.00112
116 2.1e-06 0.0003624 0.0014041 0.01744 0.0048 -0.00105
118 6.28e-05 0.0002301 0.0011091 0.0168 0.00364 -0.00117
120 6.78e-05 0.0005061 0.001475 0.0169 0.00346 -0.00023
122 2.89e-05 0.0002257 0.0009882 0.0155 0.00374 -0.00042
124 -1.9e-05 0.0001562 0.0007786 0.01328 0.0035 -9e-05
126 -3.17e-05 0.0001443 0.0006376 0.01114 0.00402 -0.00019
128 -9.7e-06 3.21e-05 0.0003967 0.01008 0.00351 -7e-04
130 -4.62e-05 3.27e-05 0.0003091 0.00799 0.00409 0.00036
132 -7.77e-05 -9.1e-06 0.0001563 0.00667 0.00457 2e-05
134 -6.24e-05 1.56e-05 0.0001476 0.00587 0.00384 -1e-05
136 -4.03e-05 -9.37e-05 2.58e-05 0.00923 0.00378 0.00079
138 -4.64e-05 -0.000392 -0.0007393 0.00734 0.00631 -0.00128
140 -0.0001702 -0.0006395 -0.0012632 0.00139 0.00872 -0.00306
142 -0.0001499 -0.0006551 -0.0014687 -0.00149 0.00859 -0.00222
144 -0.000158 -0.0006219 -0.001439 -0.00314 0.00862 -0.00229
146 -0.0002335 -0.0007294 -0.0009281 0.01885 0.00442 -0.00229
148 -0.0002238 -0.0007732 -0.0009866 0.02343 0.00428 -0.00128
150 -0.000217 -0.0006898 -0.0009687 0.01925 0.00447 -0.00123
152 -0.0002243 -0.0007226 -0.0010638 0.01664 0.00461 -0.00086
154 -0.0002194 -0.0007242 -0.0011155 0.01449 0.00462 -0.00052
156 -0.0002126 -0.0006933 -0.0010666 0.0135 0.00464 -0.00056
158 -0.0001917 -0.0006891 -0.0011263 0.01056 0.00487 -0.00066
160 -0.0001721 -0.0009925 -0.0012473 0.02558 0.01147 -0.003
162 5.17e-05 -0.0016473 -0.0010667 0.06985 0.01689 -0.00837
164 6.12e-05 -0.0017411 -0.0011214 0.07508 0.0116 -0.00845
166 -6.2e-06 -0.0016492 -0.0012116 0.06582 0.01206 -0.00846
168 3.45e-05 -0.0018111 -0.0013761 0.06609 0.0135 -0.00857
170 0.0001176 -0.0017573 -0.0017029 0.05634 0.01458 -0.00797
172 0.000162 -0.0017275 -0.0016506 0.05124 0.0146 -0.00852
174 0.0001688 -0.0018751 -0.001869 0.05137 0.01449 -0.00859
176 0.0002194 -0.0016855 -0.0017819 0.04735 0.01301 -0.00755
178 0.0001899 -0.0016999 -0.0017253 0.04602 0.01249 -0.0073
180 0.0001749 -0.0016278 -0.0016312 0.04656 0.0119 -0.00744
182 0.0002443 -0.0018722 -0.0014961 0.04934 0.0181 -0.01164
184 0.0002971 -0.0019146 -0.001551 0.05183 0.02756 -0.0165
186 0.0002841 -0.0017801 -0.0016484 0.05091 0.02498 -0.01382
188 0.0001107 -0.001627 -0.0022133 0.02616 0.01427 -0.00519
190 9.97e-05 -0.0017724 -0.0024656 0.02716 0.01245 -0.00382
192 0.0001504 -0.0017661 -0.0022101 0.03473 0.01447 -0.00562
194 0.0001449 -0.0016934 -0.0021382 0.0316 0.01502 -0.0064
196 0.0001673 -0.0017318 -0.0022116 0.03144 0.01561 -0.00655
198 0.0001565 -0.0017241 -0.0022361 0.03083 0.01515 -0.00619
200 0.0001696 -0.0016707 -0.0021868 0.03048 0.01449 -0.00605
202 0.0001277 -0.001635 -0.0021052 0.0283 0.01179 -0.00489
204 0.0001224 -0.0016106 -0.0021026 0.02684 0.01219 -0.00528
206 9.7e-05 -0.0015891 -0.00216 0.0256 0.01326 -0.00485
208 8.55e-05 -0.001565 -0.0021344 0.02245 0.0133 -0.00435
210 8.72e-05 -0.001534 -0.0022331 0.019 0.01333 -0.00471
212 6.89e-05 -0.0014863 -0.0021682 0.0186 0.01287 -0.0042
214 5.76e-05 -0.0014993 -0.0022825 0.01589 0.01253 -0.00395
216 9.76e-05 -0.001411 -0.002233 0.01252 0.01236 -0.00411
218 9.69e-05 -0.0013242 -0.0021505 0.00965 0.0118 -0.00434
220 9.43e-05 -0.0013282 -0.0022969 0.00709 0.01241 -0.00407
222 0.0001006 -0.0013483 -0.0022672 0.00782 0.01237 -0.00409
224 0.0001131 -0.001343 -0.0022639 0.00719 0.01209 -0.00457
226 0.0002494 -0.0009724 -0.001612 0.00587 0.01068 -0.0043
228 0.0002481 -0.0010174 -0.0016582 0.00922 0.01256 -0.00464
230 0.0001691 -0.0011451 -0.0020324 0.00546 0.01278 -0.00439
232 0.0001744 -0.0010874 -0.0020321 0.00069 0.01247 -0.00437
234 0.0001394 -0.001387 -0.002175 0.01186 0.01208 -0.00418
236 0.0002664 -0.003866 -0.0018778 0.1431 0.00777 -0.01188
238 0.0002695 -0.0036852 -0.0017581 0.13659 0.00692 -0.01249
240 0.0002276 -0.0034766 -0.0018549 0.12902 0.00784 -0.01147
242 0.0001981 -0.0033401 -0.0019593 0.11762 0.00696 -0.01007
244 0.0001386 -0.0032628 -0.0020067 0.10857 0.00733 -0.00866
246 0.0001161 -0.003129 -0.0020072 0.10061 0.00792 -0.00771
248 0.0001289 -0.0030656 -0.0020271 0.09578 0.00784 -0.00707
250 0.0001842 -0.0025817 -0.0019212 0.07996 0.00873 -0.00721
252 0.0002113 -0.002302 -0.0017867 0.06617 0.0074 -0.0061
254 0.0001842 -0.0022833 -0.0017657 0.06245 0.00731 -0.0055
256 0.0001617 -0.002403 -0.002046 0.06091 0.00805 -0.0061
258 0.0001741 -0.0024262 -0.0022264 0.05887 0.01011 -0.00671
260 0.0001829 -0.0022908 -0.0020958 0.05541 0.00919 -0.00629
262 0.0002058 -0.0023345 -0.0022354 0.05301 0.00906 -0.0066
264 0.0001929 -0.0022497 -0.002246 0.05018 0.0092 -0.00622
266 0.0001688 -0.0022818 -0.0023659 0.04817 0.00978 -0.00613
268 0.0001256 -0.0022769 -0.0026686 0.04172 0.01168 -0.00494
270 0.0001019 -0.0021924 -0.0027852 0.03616 0.01231 -0.00474
272 8.49e-05 -0.0021073 -0.002636 0.03334 0.01203 -0.00458
274 0.0001084 -0.0021384 -0.0027443 0.03122 0.01222 -0.00528
276 0.0001005 -0.0021331 -0.0027129 0.03729 0.01616 -0.00516
278 4.7e-05 -0.002442 -0.002418 0.06246 0.02122 -0.00479
280 0.0001646 -0.0025616 -0.0024897 0.06671 0.02252 -0.00993
282 0.0001901 -0.0023826 -0.0024846 0.06032 0.02184 -0.0084
284 0.0002971 -0.0021591 -0.0020493 0.0545 0.01985 -0.00961
286 0.0002634 -0.0021498 -0.0021579 0.05031 0.0198 -0.00972
288 0.0002508 -0.0020335 -0.0020401 0.04774 0.01903 -0.00899
290 0.0002753 -0.0021735 -0.0023258 0.04625 0.02259 -0.01054
292 0.0002625 -0.0020344 -0.0023395 0.04882 0.01226 -0.01015
294 -0.0015249 -0.000213 -0.0003484 0.03739 -0.07949 0.02613
296 -0.0010638 -0.0005724 -0.0002469 0.03702 -0.06154 0.02095
298 0.0032952 -0.0009947 0.0003963 0.03021 0.06219 -0.05812
300 0.0018318 -0.001975 -0.0013774 0.04659 0.04305 -0.03707
302 0.0017689 -0.002103 -0.0014356 0.04698 0.04147 -0.03517
304 0.001639 -0.0021236 -0.001957 0.04154 0.04161 -0.03422
306 0.0016471 -0.0019962 -0.0015533 0.04262 0.0395 -0.03312
308 0.0017358 -0.0031609 0.000368 0.10035 0.03862 -0.03508
310 0.0016098 -0.0024524 -0.0006855 0.06903 0.03869 -0.03269
312 0.0015049 -0.0022851 -0.0011897 0.05738 0.03792 -0.03041
314 0.0014731 -0.0021868 -0.0013667 0.04687 0.03657 -0.0297
