0 0 0 0 0 0 0
16 0 0 0 0 0 0
18 7.73e-05 -0.0003262 0.0010161 0.02848 -0.00037 0.00011
20 -0.0001169 -0.0009411 0.0015622 0.06774 -0.00381 0.0052
22 -0.0006036 0.0014421 -0.003852 -0.15855 -0.00026 0.01421
24 -0.0005427 0.001326 -0.0020037 -0.08893 -0.00061 0.01265
26 -0.0003702 0.0007864 -0.000989 -0.05839 -0.00014 0.01033
28 -3e-05 0.0007759 -0.001879 -0.0762 0.00611 0.00537
30 6.36e-05 0.0008263 -0.0016911 -0.07377 0.00482 0.00409
32 2.87e-05 0.0008648 -0.0015543 -0.07026 0.00457 0.00487
34 4.67e-05 0.0007505 -0.0014397 -0.06546 0.00399 0.00529
36 0.0002628 0.0009161 -0.0004701 -0.04917 0.00444 2e-04
38 0.0001842 0.0012171 -4.18e-05 -0.05366 0.00699 0.0032
40 0.0001679 0.0011255 -0.0001275 -0.05251 0.00775 0.00329
42 -0.0008188 0.0022064 -0.001991 -0.12356 0.00063 0.02141
44 -0.000523 0.0023039 -0.0012808 -0.10939 -0.00279 0.01936
46 7.79e-05 0.0012212 0.000862 -0.0352 0.00861 0.00787
48 0.0001479 0.0012714 0.0011569 -0.03143 0.0092 0.00704
50 0.0002168 0.0012442 0.0014215 -0.02785 0.00997 0.0063
52 0.0001974 0.0012663 0.0013913 -0.03014 0.01 0.00711
54 0.0002191 0.0013025 0.0014036 -0.03293 0.00731 0.00642
56 0.0002138 0.0013038 0.0011143 -0.03314 0.00653 0.00571
58 0.0001621 0.0012595 0.001022 -0.03474 0.00683 0.00656
60 0.0001817 0.001201 0.000991 -0.03571 0.007 0.00701
62 0.000198 0.0012673 0.0009483 -0.03724 0.00829 0.00726
64 0.000236 0.0012409 0.0011505 -0.03556 0.00798 0.00653
66 0.0002342 0.0012245 0.0011153 -0.03718 0.0082 0.00707
68 0.0002209 0.0012619 0.0010343 -0.03754 0.00848 0.00725
70 0.0002147 0.0012867 0.0011392 -0.03601 0.00804 0.00705
72 0.000231 0.0011947 0.0011405 -0.03609 0.00827 0.0067
74 0.0002715 0.0011971 0.000792 -0.03895 0.00826 0.00645
76 0.0002564 0.0011959 0.0009019 -0.03505 0.00835 0.00674
78 0.0002397 0.001166 0.0010286 -0.03401 0.00842 0.00674
80 0.0002391 0.0012567 0.0009181 -0.03712 0.00788 0.00681
82 0.0001294 0.0009667 -8.98e-05 -0.04826 0.00655 0.00775
84 1.67e-05 0.0010897 -0.0001981 -0.05168 0.00592 0.00958
86 0.0001347 0.001152 -0.0001491 -0.04414 0.0116 0.00511
88 0.0001135 0.0011019 -0.0003917 -0.04998 0.01239 0.00551
90 -0.000251 0.0020269 -0.0014607 -0.10139 0.00452 0.01461
92 0.0006398 0.0010513 0.0012712 -0.02216 0.01049 0.00147
94 0.0005315 0.0009663 0.0007019 -0.03426 0.01072 0.0033
96 0.0004088 0.000939 0.0005318 -0.03499 0.01216 0.00478
98 0.0004388 0.0010661 0.0003798 -0.03321 0.01378 0.00241
100 0.0003601 0.0009169 2.4e-05 -0.03588 0.01437 0.00303
102 0.0003645 0.0007117 -0.0001697 -0.03721 0.01028 0.0014
104 0.000465 0.0006805 -3.57e-05 -0.03341 0.01087 0.00141
106 0.0016266 0.0003124 0.0023915 0.011 0.0167 -0.0135
108 0.0014307 0.0005729 0.0034086 0.01972 0.01651 -0.01304
110 0.0012478 0.0006003 0.0026809 0.01156 0.01757 -0.00686
112 0.0011169 0.0005323 0.0023 0.00819 0.01749 -0.0044
114 0.0010129 0.0005104 0.0021571 0.00716 0.01649 -0.00254
116 0.0010113 0.0005422 0.0023633 0.00871 0.01631 -0.00329
118 0.0010767 0.0003854 0.0027601 0.01534 0.01786 -0.0043
120 0.0012347 0.000346 0.0039181 0.03502 0.01562 -0.00673
122 0.0010814 0.0004677 0.0031415 0.02298 0.01525 -0.00317
124 0.0010712 0.0002345 0.0027255 0.02082 0.01567 -0.00286
126 0.0011258 2.7e-05 0.0038238 0.03136 0.01858 -0.00311
128 0.0013042 -0.0002292 0.0037943 0.03314 0.02206 -0.00564
130 0.0014768 0.0003732 0.0018391 0.00101 0.02249 -0.011
132 0.0011983 0.000302 0.0021833 0.00826 0.01997 -0.00503
134 0.0012173 -0.0002797 0.0035613 0.04488 0.01696 -0.00123
136 0.0011649 -0.0008948 0.0039262 0.07484 0.01839 0.00135
138 0.0010016 2.32e-05 0.0009754 -0.00443 0.01661 0.00203
140 0.0009893 -0.000465 0.0004963 0.00831 0.01541 0.00052
142 0.0009642 -0.0004595 0.0007124 0.01374 0.01508 0.00082
144 0.0009714 -0.0003241 0.0009148 0.01655 0.01528 0.00107
146 0.000957 -0.0003514 0.000839 0.01626 0.0177 0.00296
148 0.0010156 -0.000409 0.0006159 0.00696 0.02397 0.00373
150 0.0007564 -9.27e-05 0.0010869 0.00188 0.02129 0.00856
152 0.0006131 -0.000306 0.0004826 0.00222 0.02041 0.00981
154 0.0006657 -0.0002989 0.0004949 0.00326 0.01871 0.00871
156 0.0007282 -0.0002209 0.0008107 0.00758 0.01592 0.00754
158 0.0008069 -0.0002417 0.0010159 0.01114 0.01476 0.00603
160 0.0008109 -0.0003129 0.0009158 0.00997 0.01295 0.00519
162 0.0007946 -0.0003958 0.0005761 0.0062 0.01031 0.00408
164 0.0008072 -0.0003435 0.0006695 0.00618 0.01074 0.00457
166 0.000784 -0.0002604 0.0007203 0.00634 0.01089 0.00551
168 0.0009432 -0.0002975 0.0012704 0.01883 0.01544 0.00401
170 0.0011635 -0.0005408 0.0020875 0.04764 0.01749 3e-05
172 0.0009709 -0.0004526 0.0014411 0.0356 0.01503 0.00129
174 0.0009171 -0.0003675 0.00129 0.0296 0.01424 0.00221
176 0.0009237 -0.000589 0.001162 0.02942 0.0149 0.00264
178 0.0009432 -0.0005165 0.0011844 0.02998 0.01621 0.00303
180 0.0010554 -0.000457 0.0017143 0.03522 0.01988 0.00142
182 0.0009156 0.0004555 0.000325 -0.02999 0.01706 0.00224
184 0.0007759 0.0003978 -0.0013329 -0.0581 0.0171 0.00608
186 0.0006375 0.0002519 -0.0013236 -0.05061 0.01436 0.00578
188 0.0007089 0.001134 0.000224 -0.02808 0.01339 0.00749
190 0.000967 -8.93e-05 0.0017266 0.01304 0.01804 0.00518
192 0.0009404 -0.0013076 0.0015818 0.05316 0.01907 0.00319
194 0.0009825 -0.0007023 0.0006848 0.02513 0.01647 0.00404
196 0.0009283 -0.0004882 0.000539 0.01444 0.01503 0.00555
198 0.0009958 0.0008526 -0.0023209 -0.09883 0.02133 -0.00049
200 0.0009601 0.0004698 -0.0025703 -0.09243 0.02046 0.00243
202 0.0005309 0.0011768 -0.004255 -0.15277 0.01315 0.00931
204 0.0007942 0.0010256 -0.0022779 -0.09408 0.02174 0.00767
206 0.0009173 0.0013025 -0.000444 -0.07159 0.02395 0.00486
208 0.0007749 0.0014347 -0.0016108 -0.10443 0.02228 0.00575
210 0.0009244 0.0008241 -0.0011068 -0.08153 0.02208 0.00347
212 0.0006989 -3.09e-05 -0.0060543 -0.14829 0.02439 0.00602
214 0.0009563 -0.0006671 -0.0066011 -0.1052 0.03728 -9e-04
216 0.0009722 0.0002059 -0.0048239 -0.10192 0.03306 -0.00085
218 0.001089 0.0005141 -0.0039301 -0.09124 0.03285 0.00129
220 0.0010759 -0.0004693 -0.003435 -0.05536 0.03129 0.0013
222 0.0010995 -0.0004357 -0.0017571 -0.02001 0.02637 0.00194
224 0.0013819 -0.0004351 -0.0011079 -0.00199 0.02621 -6e-05
226 0.0013596 -0.000544 -0.0009965 0.00487 0.02583 0.00116
228 0.0012273 -0.0005682 -0.001495 -0.00386 0.02483 0.00309
230 0.0011722 -0.0005871 -0.0016036 -0.01 0.02469 0.00543
232 0.0011996 -0.0006124 -0.0014217 -0.00478 0.02501 0.00499
234 0.0012448 -0.0005662 -0.0012011 -0.00239 0.02579 0.00468
236 0.0012439 -0.0006597 -0.0012866 -0.00452 0.02549 0.00392
238 0.0013373 -0.000534 -0.0013524 -0.00768 0.02667 0.00222
240 0.0012897 -0.0006412 -0.0024107 -0.02532 0.0295 0.00347
242 0.0010668 -0.0010926 -0.0037556 -0.03717 0.03142 0.00216
244 0.0016464 -0.0006275 -0.0036322 -0.05864 0.02706 0.00032
246 0.0011846 -0.0006123 -0.0054686 -0.10048 0.02828 0.00219
248 0.000994 -0.000321 -0.0050745 -0.09467 0.03328 0.00237
250 0.0014752 -0.001619 0.0025815 0.075 0.0326 -0.00201
252 0.0013385 -0.001906 0.0008215 0.05315 0.02982 -0.00106
254 0.0012348 -0.0014603 -0.000436 0.02686 0.02552 0.00128
256 0.0014244 -0.0012758 0.0003526 0.03237 0.02938 0.00238
258 0.0017134 -0.0014432 0.0015593 0.04714 0.0291 0.00334
260 0.0017867 -0.0014155 0.0016861 0.04937 0.03072 0.00208
262 0.0016057 -0.001152 0.0013091 0.03257 0.03104 0.00384
264 0.0014203 -0.0009987 0.0004549 0.02142 0.02797 0.00326
266 0.0013943 -0.0011011 0.0002573 0.02555 0.02606 0.00438
268 0.0014996 -0.0012571 0.0008151 0.03709 0.02884 0.00454
270 0.0013289 -0.0012415 0.0001472 0.03004 0.02737 0.00432
272 0.0012657 -0.0011731 -0.0004742 0.02408 0.02597 0.00544
274 0.0012573 -0.0011023 -0.0004087 0.01944 0.02589 0.00665
276 0.0012131 -0.0007539 -0.0004486 0.00464 0.02691 0.00701
278 0.0017075 -0.0011019 0.0012567 0.04664 0.02941 0.00035
280 0.0017456 -0.0006424 0.0025088 0.04465 0.03201 0.00143
282 0.0010737 -0.0020213 -0.0019297 -0.00172 0.02667 0.00926
284 0.0012036 -0.0011523 -0.0016216 0.00783 0.02499 0.00773
286 0.0012241 -0.0008222 -0.0006249 0.0114 0.02868 0.00926
288 0.0012786 -0.00118 -9.89e-05 0.02757 0.03042 0.01051
290 0.0012974 -0.0011292 -0.0008995 0.01768 0.02802 0.00847
292 0.0012738 -0.0012221 -0.0012936 0.01243 0.02786 0.00791
294 0.0012714 -0.0012657 -0.0011969 0.01403 0.02809 0.00752
296 0.0012676 -0.0013027 -0.001158 0.01568 0.02778 0.00804
298 0.0012845 -0.0013295 -0.0010867 0.01721 0.0285 0.00765
300 0.0012956 -0.0011355 -0.0008585 0.01645 0.0293 0.00797
302 0.0014244 -0.0020567 -0.0033975 -0.01487 0.03971 0.00081
304 0.002135 -0.0017509 -0.0053065 -0.05902 0.03988 -0.027
306 0.0021064 -0.0012187 -0.005619 -0.08147 0.04115 -0.02084
308 0.0020475 -0.0010611 -0.0029754 -0.01922 0.03997 -0.0146
310 0.0020515 -0.0007811 -0.0017243 -0.01734 0.0439 -0.01332
312 0.0019835 -0.0008174 -0.0017955 -0.02268 0.04267 -0.01082
314 0.0019668 -0.0007635 -0.0017625 -0.01759 0.04296 -0.01029
