0 0 0 0 0 0 0
16 0 0 0 0 0 0
18 2.44e-05 7.28e-05 0.000145 0.00116 0.00071 -0.00101
20 -4.2e-06 6.59e-05 0.0001309 0.00114 0.00016 -0.001
22 2.51e-05 0.0001127 0.0002055 0.00253 0.00061 -0.00048
24 6.76e-05 0.0001266 0.0003866 0.00564 0.00171 -0.00209
26 5.42e-05 0.0001188 0.0003614 0.00479 0.00146 -0.00211
28 3.11e-05 0.0001606 0.0003339 0.00289 0.00085 -0.00182
30 2.8e-05 0.0001446 0.0003005 0.0026 0.00077 -0.00164
32 5.06e-05 0.0002048 0.0003942 0.00298 0.00046 -0.00183
34 6.63e-05 0.0005864 0.0011465 0.00844 0.00048 -0.00083
36 9.22e-05 0.0005617 0.0010964 0.00843 2e-05 0.00155
38 9.52e-05 0.0003466 0.0006686 0.00236 -0.00175 0.00274
40 9.16e-05 0.0003768 0.0006783 0.00227 -0.00179 0.00257
42 0.0001072 0.0003677 0.000643 0.00183 -0.00159 0.00247
44 8.78e-05 0.000334 0.0005969 0.00158 -0.00173 0.00311
46 5.08e-05 0.0002936 0.000568 0.00224 -0.00251 0.00444
48 0.0001175 0.0002881 0.0006232 0.00386 -0.00257 0.00296
50 0.000263 0.0005655 0.0011797 0.01218 -0.00255 -0.00054
52 0.0003197 0.0006278 0.00118 0.00656 -0.00014 -0.0013
54 0.0002206 0.0003436 0.0007581 -0.00107 0.00091 -0.00028
56 0.0001939 0.0002632 0.0005973 -6e-05 -0.00046 0.00225
58 6.76e-05 0.0002357 0.0005687 0.00265 -0.00127 0.00281
60 7.84e-05 0.0002446 0.0005284 0.00224 -0.00113 0.00241
62 0.0001111 0.0002731 0.0005109 2e-05 -0.00191 0.00195
64 9.3e-05 0.0002628 0.000471 -0.00032 -0.00211 0.00194
66 7.69e-05 0.0002544 0.0004451 -0.00064 -0.00219 0.00206
68 7.17e-05 0.0002908 0.000462 -0.00104 -0.00239 0.0023
70 8.2e-05 0.0003398 0.0004958 -0.00096 -0.00256 0.00256
72 7.22e-05 0.000365 0.0005689 -0.00104 -0.00276 0.00227
74 8.85e-05 0.0005782 0.001003 0.0021 -0.00309 0.00062
76 0.0001291 0.0006254 0.001105 0.00181 -0.00298 5e-04
78 0.000165 0.0005823 0.0013023 0.0058 -0.00384 -0.00018
80 4.8e-06 -6.52e-05 0.0009227 0.02253 -0.00758 -4e-05
82 -1e-05 4.88e-05 0.0006443 0.00691 -0.00591 0.00132
84 0.0001201 0.0001637 0.0011011 0.02261 -0.00114 -0.00152
86 0.0001803 0.0001958 0.0015204 0.03564 -0.00157 -0.00376
88 0.0001367 0.0002359 0.0014391 0.02837 -0.00288 -0.00339
90 0.0001285 0.0001749 0.0013772 0.02807 -0.00263 -0.00247
92 0.0001178 5.31e-05 0.0010795 0.02049 -0.0014 -0.00213
94 0.0001111 0.0001096 0.0009152 0.01574 -0.00085 -0.00387
96 0.0001276 0.000227 0.0009175 0.01337 -0.00027 -0.0035
98 0.0001173 0.0001916 0.0008418 0.01204 -0.00031 -0.00297
100 8.11e-05 -3.21e-05 0.0005673 0.00821 -0.00325 0.00185
102 0.0001133 8.38e-05 0.0004553 0.00134 -0.0029 0.00292
104 9.74e-05 -8.7e-06 0.0003537 0.00159 -0.00302 0.00228
106 0.0001381 0.0001293 0.0005601 0.00325 -0.00209 -0.00089
108 0.0001316 0.000143 0.0006067 0.00412 -0.002 -0.00101
110 0.0001214 0.0001421 0.0005859 0.00361 -0.00191 0.00029
112 0.0001251 8.4e-05 0.0005313 0.00301 -0.00268 0.00187
114 0.0002399 0.0005954 0.0012411 0.00524 -0.00235 0.00103
116 0.0002231 0.0004356 0.0011391 0.0045 -0.00264 0.00258
118 0.0002073 0.0003995 0.001058 0.00431 -0.00257 0.00222
120 0.0001701 0.0002565 0.0007612 0.00142 -0.00284 0.00313
122 0.0001231 2.52e-05 0.0003737 -0.00251 -0.00352 0.00453
124 5.63e-05 -0.0001977 -8.45e-05 -0.00359 -0.00591 0.00864
126 0.00018 -0.0001185 0.0006881 0.01927 -0.00664 0.00202
128 0.0002872 0.0003824 0.0015962 0.02384 -0.00529 -0.00195
130 0.0002009 -3.71e-05 0.0004691 0.00153 -0.00267 0.004
132 0.0001424 -0.0001583 -0.0005588 -0.01873 -0.00285 0.00701
134 3.79e-05 -0.0005747 -0.0005793 -0.0052 -0.004 0.00517
136 -2.23e-05 -0.0005477 0.0010896 0.05588 -0.00843 0.00185
138 7.16e-05 -0.000317 0.0008509 0.04087 -0.00521 0.00083
140 1.9e-06 -0.0006432 0.0002621 0.03176 -0.00428 -1e-05
142 -0.0001343 -0.0007776 -0.0003361 0.02403 -0.00741 0.00498
144 -3.5e-05 -0.0006233 -0.0001189 0.02373 -0.00588 0.00355
146 -3.73e-05 -0.0005733 -2.1e-06 0.02087 -0.00494 0.00295
148 -3.05e-05 -0.0005326 -1.52e-05 0.01883 -0.00458 0.00309
150 -4.74e-05 -0.000752 -0.0001972 0.01921 -0.0049 0.00481
152 -5.09e-05 -0.0006622 -0.0001885 0.01748 -0.00445 0.0044
154 -5.46e-05 -0.0006089 -0.0001894 0.01605 -0.00418 0.00416
156 -4.54e-05 -0.0005106 2.45e-05 0.02237 -0.00452 0.00335
158 2.2e-06 -0.0003256 0.0003733 0.02606 -0.0044 0.00207
160 -1.21e-05 -0.0004722 0.0005124 0.03267 -0.00385 0.00211
162 -3.47e-05 -0.0010034 6.46e-05 0.03541 -0.00384 0.00363
164 -2.05e-05 -0.0007605 -0.0002929 0.02255 -0.00227 0.00221
166 -1.5e-05 -0.0007281 -0.0004457 0.01606 -0.00013 0.00155
168 1.6e-06 -0.0007061 -0.000285 0.01727 -0.00041 2e-04
170 -2.09e-05 -0.0008559 -0.0002666 0.0225 -0.00207 0.00141
172 1.23e-05 -0.0006971 -0.0001776 0.02269 -0.00203 0.00397
174 1.12e-05 -0.0008001 -0.0002898 0.02123 -0.00235 0.00467
176 1.36e-05 -0.0008267 -0.0004115 0.02059 -0.0035 0.00426
178 8.6e-06 -0.0008524 -0.0005022 0.01857 -0.00347 0.0032
180 3.42e-05 -0.0006699 -0.0002885 0.02177 -0.00469 0.00269
182 0.0001384 -0.0003047 0.0004603 0.02202 -0.00431 0.00162
184 5.74e-05 -0.0006772 -0.0003826 0.00595 -0.00349 0.00253
186 3.6e-05 -0.0007998 -0.0006649 0.00586 -0.00336 0.00294
188 8.4e-06 -0.000883 -0.0007391 0.00772 -0.00356 0.00399
190 -8.2e-06 -0.0009017 -0.00081 0.01012 -0.00393 0.00389
192 -2.19e-05 -0.0010024 -0.0005955 0.02538 -0.00531 0.00292
194 -4.31e-05 -0.0009937 -0.0007633 0.01768 -0.00384 0.00292
196 -4.8e-05 -0.0009874 -0.0009849 0.00956 -0.00254 0.00306
198 -2.51e-05 -0.0009122 -0.0009042 0.00836 -0.00305 0.00457
200 9.23e-05 -0.0005544 -0.0002257 0.00865 -0.0041 0.00643
202 6.86e-05 -0.0009668 -0.0002837 0.03212 -0.0043 0.00378
204 1.38e-05 -0.0012298 0.0002579 0.06045 -0.00666 -0.00109
206 6.94e-05 -0.0009538 0.0001385 0.04706 -0.00648 -0.00162
208 6.63e-05 -0.0009587 -2.35e-05 0.03339 -0.00338 0.0022
210 0.0001042 -0.0008584 -8.64e-05 0.02585 -0.00532 0.00144
212 3.87e-05 -0.0007929 -7.74e-05 0.02607 -0.00783 0.00602
214 2.9e-05 -0.0007768 -9.54e-05 0.02414 -0.00731 0.00671
216 0.0001615 -0.0007834 -0.0001755 0.02471 -0.00436 0.0018
218 4.83e-05 -0.0011216 -0.0005983 0.02574 0.00434 0.00288
220 3.17e-05 -0.0010104 -0.0006732 0.02263 0.00047 0.00325
222 1.37e-05 -0.0008981 -0.0007163 0.01226 -0.00517 0.0046
224 6.92e-05 -0.0008628 -0.0008119 0.00573 -0.00414 0.00515
226 9.12e-05 -0.0008469 -0.0007937 0.00526 -0.00315 0.00461
228 9.42e-05 -0.000794 -0.0007401 0.00455 -0.00277 0.00409
230 9.85e-05 -0.0008527 -0.0007624 0.00467 -0.00249 0.0034
232 0.0001004 -0.0008022 -0.0006993 0.00476 -0.0021 0.00313
234 0.0001054 -0.0008183 -0.0007515 0.0038 -0.0021 0.00358
236 0.0002062 -0.0010402 -0.0004182 0.02278 0.00017 0.00229
238 0.0003385 -0.0014148 0.0008591 0.08799 -0.00066 -0.00302
240 0.0002269 -0.0008019 0.0006951 0.05323 -0.00245 0.00026
242 0.0001815 -0.0008623 0.0001953 0.03622 -0.00302 0.00204
244 0.0001573 -0.0010211 -8.26e-05 0.03227 -0.00543 0.00062
246 0.0001491 -0.0009391 -5.59e-05 0.02979 -0.00503 0.00051
248 1.11e-05 -0.0011959 -0.0001595 0.04053 -0.00749 0.00284
250 -9.5e-06 -0.0011502 -0.0001821 0.03742 -0.00653 0.00183
252 7.64e-05 -0.0009342 -0.000148 0.02901 -0.00441 0.00102
254 0.0001009 -0.0008022 0.0001236 0.02609 -0.00514 0.00246
256 3.81e-05 -0.0009689 -0.0003801 0.0192 -0.0061 0.00466
258 9.23e-05 -0.0010292 -0.0001618 0.02563 -0.00265 0.00028
260 0.0001462 -0.0007642 0.0001482 0.02762 -0.00177 -0.00254
262 0.0001295 -0.000862 -0.0001004 0.02464 -0.00097 0.0024
264 8.52e-05 -0.0017366 -0.0013394 0.0339 0.00162 0.00172
266 7.74e-05 -0.0021324 -0.0022834 0.0293 0.00384 -0.00247
268 4.83e-05 -0.0018913 -0.0019443 0.03103 0.00192 -0.00276
270 2.46e-05 -0.0018366 -0.0017642 0.03362 0.00228 -0.00422
272 0.0002006 -0.0014167 -0.0010365 0.02619 -0.00017 -0.00086
274 0.0001783 -0.0015456 -0.0012389 0.0213 -0.00023 0.00362
276 0.0001824 -0.0014391 -0.0013203 0.0211 0.00018 0.00388
278 0.0001523 -0.0015149 -0.0013194 0.02559 -0.00353 0.00226
280 0.000146 -0.0016185 -0.0013086 0.02627 -0.0036 0.00173
282 0.0001673 -0.0013754 -0.0008187 0.02772 -0.00109 -0.00139
284 5.67e-05 -0.001702 -0.0012848 0.02388 -0.00186 0.00112
286 6.93e-05 -0.0015757 -0.0013337 0.02294 -0.00228 0.00135
288 0.0001188 -0.0014048 -0.000984 0.02904 -0.00266 0.00032
290 9.78e-05 -0.0015834 -0.0012172 0.0272 -0.00386 5e-04
292 6.84e-05 -0.0016466 -0.0014305 0.02535 -0.00415 0.00173
294 4.5e-05 -0.001703 -0.0014693 0.02532 -0.00404 0.00217
296 7.61e-05 -0.0016641 -0.0011917 0.0235 -0.00294 0.00027
298 6.9e-05 -0.001622 -0.0013004 0.02805 -0.00401 0.00024
300 6.56e-05 -0.0015834 -0.0012558 0.0262 -0.00443 -0.00187
302 -6.55e-05 -0.0022384 -0.0019164 0.04132 -0.00471 -0.00012
304 -2.8e-06 -0.0020935 -0.0025381 0.01479 -0.00097 0.00176
306 0.0002122 -0.0012855 -0.0020694 -0.00811 0.00139 -0.00121
308 0.0001993 -0.0013716 -0.00204 -0.00707 0.00107 -0.00158
310 0.0001976 -0.0016503 -0.0023135 -0.00645 0.00042 -0.00043
312 0.0002026 -0.001831 -0.000591 0.04843 -0.00943 -0.00153
314 9.66e-05 -0.0016342 -0.0008408 0.0407 -0.00909 -0.00014
