0 0 0 0 0 0 0
16 0 0 0 0 0 0
18 -4.46e-05 -0.0001342 0.000162 0.00301 -0.00026 0.00081
20 -0.0002147 -0.0008181 0.0008061 0.02786 -0.00303 0.00449
22 -0.0001313 -0.0005335 0.0003516 0.01649 -0.00056 0.00379
24 -8.29e-05 -0.0004403 0.0001211 0.01162 0.00039 0.00266
26 6e-06 -0.0005211 4.39e-05 0.01161 0.00073 0.0017
28 1e-06 -0.0005591 2.55e-05 0.01124 0.00077 0.00195
30 3.69e-05 -0.000424 1.02e-05 0.00825 0.00139 0.00147
32 2.58e-05 -0.0003334 -8.02e-05 0.00519 0.00109 0.00118
34 3.12e-05 -0.0003219 -0.0001277 0.00396 0.00122 0.0011
36 9.79e-05 -0.0004632 -0.0005657 8e-04 0.00238 0.00043
38 0.0001097 -0.000381 -0.0006434 -0.00114 0.00262 0.00027
40 0.0001122 -0.0003337 -0.0006062 -0.00143 0.00264 0.00021
42 0.0001116 -0.0003822 -0.0006281 -0.00149 0.00265 0.00031
44 0.00011 -0.0003478 -0.0006451 -0.00208 0.00276 0.00026
46 9.9e-05 -0.000313 -0.0005806 -0.00187 0.00249 0.00023
48 8.93e-05 -0.0002839 -0.0005241 -0.00165 0.00225 0.00023
50 0.000115 -0.0003593 -0.0006099 -0.00192 0.00278 0.00043
52 0.0001362 -0.0003368 -0.0006737 -0.00294 0.00305 0.00028
54 0.0001508 -0.0003156 -0.0006735 -0.00344 0.00327 -4e-05
56 0.0001936 -0.0002666 -0.0006653 -0.00392 0.00435 -0.00097
58 0.0002221 -0.0002237 -0.0006971 -0.00507 0.0052 -0.00144
60 0.0002088 -0.0002294 -0.0006648 -0.00487 0.00496 -0.00124
62 0.0002116 -0.0002539 -0.0007231 -0.00544 0.00534 -0.00092
64 0.0001904 -0.0002285 -0.0006508 -0.0049 0.00481 -0.00083
66 0.000175 -0.0002342 -0.0006178 -0.00461 0.00453 -0.00068
68 0.0001693 -0.0002241 -0.0005916 -0.00433 0.00462 -0.00052
70 0.0001524 -0.0002017 -0.0005324 -0.0039 0.00416 -0.00047
72 0.0001371 -0.0001815 -0.0004792 -0.00351 0.00375 -0.00042
74 0.000168 -0.0001544 -0.0004641 -0.00407 0.00442 -0.00065
76 0.000183 -0.0001821 -0.0004853 -0.0042 0.00497 -6e-04
78 0.0002128 -0.0003794 -0.0006507 -0.00361 0.00557 -0.00084
80 0.0001101 0.0001685 -0.0003963 -0.01104 0.00283 0.00077
82 1.8e-05 0.0008299 0.0004514 -0.01221 0.00456 0.003
84 4.23e-05 -0.0001993 0.0006285 0.00254 0.00516 0.00321
86 2.51e-05 0.0001794 0.0001194 -0.00778 0.00366 0.00215
88 0.0001124 0.0002476 -0.0002844 -0.01181 0.00566 -0.00032
90 0.0001061 0.000209 -0.0002454 -0.01067 0.00535 -0.00031
92 0.0001216 0.0001453 -0.0004198 -0.01227 0.00636 -3e-04
94 0.0001302 0.0001155 -0.000466 -0.01181 0.00648 -3e-04
96 0.0001279 0.000124 -0.0005177 -0.01206 0.0065 -5e-05
98 0.0001589 2.03e-05 -0.0006246 -0.01128 0.00756 3e-05
100 0.0001944 -5.38e-05 -0.0006983 -0.0103 0.00834 -0.00023
102 0.0001747 -4.99e-05 -0.0006302 -0.00929 0.00753 -0.00021
104 0.0001861 -2.53e-05 -0.0006693 -0.01008 0.00811 -2e-04
106 0.0001743 4e-06 -0.0006526 -0.01016 0.0081 -0.00011
108 0.00021 5.03e-05 -0.0006569 -0.01128 0.00922 -0.00052
110 0.0002481 2.88e-05 -0.0006864 -0.01151 0.01052 -0.00107
112 0.0002416 4.08e-05 -0.0007158 -0.01211 0.01097 -0.00095
114 0.0001874 -0.0001344 -0.0007591 -0.01035 0.01122 -3e-05
116 0.0001657 -0.000122 -0.0006845 -0.00931 0.0102 -1e-05
118 0.0001573 -8.33e-05 -0.0007129 -0.00983 0.01108 0.00036
120 0.0001518 -7.23e-05 -0.0007064 -0.00976 0.01115 0.00068
122 0.0001503 -6.53e-05 -0.000743 -0.01045 0.01184 9e-04
124 0.0001596 -5.49e-05 -0.000731 -0.01043 0.01203 0.00079
126 0.000169 -5.95e-05 -0.0007121 -0.01067 0.01174 0.00036
128 0.0001977 0.0001452 -0.0007634 -0.01523 0.01277 0.00032
130 0.0002194 1.19e-05 -0.0009108 -0.01658 0.01385 0.00012
132 0.0003706 0.0005748 -0.0004229 -0.02028 0.01692 -0.00097
134 0.0005661 0.0017462 0.0003258 -0.03443 0.02005 -0.00326
136 0.0005505 0.0006786 -0.0002234 -0.0247 0.01883 -0.00301
138 0.0005903 0.0007218 -0.0006827 -0.02916 0.01922 -0.00356
140 0.0005796 0.0008899 -0.0008066 -0.0319 0.01932 -0.00362
142 0.0006281 0.0009056 -0.0007626 -0.03227 0.01983 -0.00452
144 0.0006373 0.0008942 -0.0007561 -0.03116 0.02036 -0.00479
146 0.0006239 0.0008226 -0.0007673 -0.02989 0.0201 -0.00457
148 0.000593 0.0007509 -0.0007957 -0.02931 0.01939 -0.00393
150 0.0005951 0.000784 -0.0007872 -0.02974 0.02002 -0.00378
152 0.000636 0.0007232 -0.0008881 -0.02978 0.02029 -0.00461
154 0.0006579 0.0006812 -0.0008657 -0.02774 0.02029 -0.00516
156 0.0006451 0.0007263 -0.0008383 -0.02863 0.02048 -0.00468
158 0.0006599 0.0007149 -0.0007918 -0.02854 0.02053 -0.00483
160 0.0006618 0.0008168 -0.0008539 -0.03112 0.02069 -0.00478
162 0.0006741 0.0004511 -0.0007182 -0.02257 0.02108 -0.00477
164 0.0006058 0.0005848 -0.0007011 -0.02475 0.02031 -0.00338
166 0.0005893 0.0013944 -0.0011357 -0.0472 0.01918 -0.00271
168 0.0005737 0.0011367 -0.0010133 -0.04112 0.01804 -0.00296
170 0.0005853 0.0011133 -0.0009531 -0.03876 0.01817 -0.00328
172 0.0006135 0.001192 -0.0009643 -0.0412 0.01914 -0.00352
174 0.000656 0.0011241 -0.0010673 -0.0418 0.01947 -0.0044
176 0.0006319 0.0009508 -0.0010198 -0.03688 0.01788 -0.00401
178 0.0005291 0.0003817 -0.0010577 -0.02615 0.01589 -0.00277
180 0.000514 0.0002918 -0.0014875 -0.02777 0.01645 -0.00364
182 0.0005601 0.000283 -0.0014746 -0.02628 0.01787 -0.00402
184 0.0005693 0.000354 -0.0014883 -0.02809 0.01756 -0.00426
186 0.0006027 0.0004041 -0.0014887 -0.02988 0.01775 -0.00473
188 0.0005953 0.0004531 -0.0015221 -0.03109 0.01833 -0.00429
190 0.0007053 0.0001173 -0.0014464 -0.02502 0.01801 -0.00508
192 0.0007167 0.0006674 -0.0007303 -0.02395 0.02075 -0.00425
194 0.0006702 0.0007187 -0.0007869 -0.02837 0.02077 -0.00475
196 0.0007608 0.0009835 -0.0005263 -0.03522 0.0175 -0.00669
198 0.0006343 0.0013713 -8.37e-05 -0.03793 0.0159 -0.00446
200 0.0006634 0.0017648 -0.0004843 -0.04761 0.01886 -0.00362
202 0.0005311 0.0014207 -0.0022559 -0.06837 0.01268 -0.00118
204 1.3e-06 0.0020978 -0.0006162 -0.05654 0.00661 0.00649
206 4.09e-05 0.0020799 -0.0003044 -0.05049 0.00718 0.00459
208 2.16e-05 0.0019201 -0.0002891 -0.05044 0.00637 0.00504
210 4.4e-06 0.0019007 -0.0003142 -0.0496 0.00664 0.00508
212 -5.6e-06 0.0018918 -0.0002878 -0.04906 0.00668 0.00518
214 2.75e-05 0.0019134 -0.0002721 -0.04924 0.00675 0.0047
216 -1.7e-06 0.0019547 -0.0002874 -0.05076 0.0061 0.00568
218 1.07e-05 0.0019804 -0.0002992 -0.05167 0.00623 0.00562
220 -2.18e-05 0.0021055 -0.0002946 -0.05395 0.00531 0.00659
222 6.98e-05 0.0014092 -9.72e-05 -0.0379 0.00711 0.0047
224 6.14e-05 0.0011003 7.07e-05 -0.02795 0.0074 0.00425
226 -8.04e-05 0.0025468 -0.0001096 -0.05698 0.00315 0.00761
228 -3.31e-05 0.0024769 -0.0003071 -0.06117 0.00297 0.00809
230 -9.04e-05 0.002635 -7.65e-05 -0.06319 0.00262 0.00967
232 0.0003275 0.0007422 -0.002025 -0.04364 -0.00275 0.00345
234 1.23e-05 0.0008387 -0.0020483 -0.0337 -0.01013 0.00534
236 -0.0001529 0.0015639 -0.0009474 -0.04318 -0.00824 0.00494
238 -7.92e-05 0.0011724 -0.0010373 -0.03681 -0.00724 0.0033
240 -9.07e-05 0.0012516 -0.0010868 -0.0377 -0.00765 0.00331
242 -0.0001042 0.0015463 -0.0009972 -0.04651 -0.00221 0.00448
244 -7.92e-05 0.0018934 -0.0008753 -0.05253 0.00139 0.00536
246 -6.8e-06 0.0016636 -0.0007656 -0.04749 0.00118 0.00478
248 -9.81e-05 0.002289 -0.0004095 -0.05416 8e-04 0.00657
250 -0.0001041 0.0022564 -0.0005799 -0.05502 0.00114 0.00659
252 -7.14e-05 0.0022082 -0.0006247 -0.0568 0.00087 0.00649
254 -4.71e-05 0.0022208 -0.0006242 -0.05644 0.00084 0.00619
256 -4.42e-05 0.0022291 -0.0006514 -0.0565 0.00049 0.00592
258 -4.43e-05 0.0022531 -0.0006045 -0.05552 0.00097 0.00606
260 -3.45e-05 0.0022094 -0.0005933 -0.0551 0.00082 0.00599
262 -0.0001346 0.0022443 -0.0006878 -0.05655 0.00076 0.00731
264 -0.0004187 0.0026929 0.0007729 -0.04713 -0.00371 0.01242
266 -0.0002983 0.002274 8.02e-05 -0.05067 -0.00308 0.00996
268 -0.0003077 0.0021815 -0.0001276 -0.05183 -0.00398 0.00998
270 -0.0003056 0.0021524 -0.000141 -0.05114 -0.00502 0.00959
272 -0.000497 0.0035891 -0.0004584 -0.08269 -0.00691 0.01546
274 -0.0005776 0.0041843 -0.0006279 -0.09913 -0.00772 0.01713
276 -0.0005475 0.0035411 -0.0004508 -0.08422 -0.00774 0.01474
278 -0.0005492 0.003182 -0.0003547 -0.07517 -0.00804 0.01369
280 -0.0005371 0.0033838 -0.00032 -0.07732 -0.00871 0.01355
282 -0.0005425 0.003172 -0.0004249 -0.07749 -0.00637 0.01325
284 -0.0001576 0.0034873 -0.0011939 -0.08518 -0.00122 0.0071
286 0.0007548 0.0081004 0.0002469 -0.16096 0.01707 -0.02149
288 0.000868 0.0072656 -0.0007313 -0.17115 0.01607 -0.02208
290 0.0007171 0.006389 -0.0004624 -0.15164 0.0123 -0.01829
292 0.0010544 0.0050395 -0.0005916 -0.12793 0.0161 -0.02183
294 -0.0048793 -0.0077859 0.0016166 0.16615 -0.01727 0.1708
296 -0.0024073 -0.0079478 -0.0026745 0.10597 -0.00603 0.11017
298 -0.0019549 -0.0082383 -0.0024503 0.12247 -0.03115 0.10194
300 -0.0019147 -0.0030683 0.0010787 0.11361 -0.04664 0.09462
302 -0.0014335 0.0010598 0.0028164 0.03129 -0.02801 0.08081
304 -0.001489 0.0004421 0.0027408 0.02649 -0.02777 0.07979
306 -0.0014517 0.0006128 0.0027982 0.02219 -0.02677 0.0785
308 -0.0014452 0.0005549 0.0024755 0.01828 -0.02519 0.07754
310 -0.0014576 0.0006215 0.0024246 0.01669 -0.02559 0.07773
312 -0.0014805 0.000663 0.0025559 0.01676 -0.02542 0.07834
314 -0.0015134 0.0006921 0.0025366 0.01597 -0.02545 0.07891
