0 0 0 0 0 0 0
16 0 0 0 0 0 0
18 -1.3e-06 1.19e-05 2.3e-06 -5e-05 -1e-05 0.00019
20 -1.9e-05 4.93e-05 5.21e-05 0.0021 0.00018 -6e-05
22 2.37e-05 0.0001083 0.0002218 0.00526 0.00064 0.00066
24 3.5e-05 0.0001038 0.0002191 0.00497 0.00055 0.00073
26 4.56e-05 0.000102 0.0002159 0.00482 0.00046 0.00081
28 5.38e-05 9.5e-05 0.000208 0.00431 0.00041 0.00089
30 4.84e-05 8.55e-05 0.0001872 0.00388 0.00037 8e-04
32 5.34e-05 9.67e-05 0.0002314 0.00476 0.00037 0.00106
34 5.77e-05 9.09e-05 0.0002253 0.00468 0.00037 0.00101
36 5.73e-05 8.63e-05 0.0002092 0.00432 0.00033 0.00091
38 5.16e-05 7.77e-05 0.0001883 0.00389 3e-04 0.00082
40 4.64e-05 6.99e-05 0.0001695 0.0035 0.00027 0.00074
42 5.85e-05 6.36e-05 0.0001609 0.00332 0.00027 0.00056
44 6.62e-05 5.65e-05 0.0001557 0.00324 0.00032 0.00038
46 5.96e-05 5.08e-05 0.0001401 0.00292 0.00029 0.00034
48 5.36e-05 4.57e-05 0.0001261 0.00262 0.00026 0.00031
50 8.17e-05 4.6e-05 0.0001354 0.00254 0.00049 -3e-05
52 0.0001069 4.17e-05 0.00013 0.0019 0.00088 -0.00077
54 0.0001112 4.05e-05 0.0001261 0.00124 0.00095 -0.00061
56 0.0001076 4.66e-05 0.0001287 0.00031 0.00081 -3e-04
58 0.0001026 4.05e-05 0.0001211 3e-05 0.00072 -0.00026
60 0.0001044 3.29e-05 0.0001087 -1e-04 0.00064 -0.00026
62 0.0001066 3.98e-05 0.0001045 -0.00022 0.00058 -3e-05
64 0.0001056 4.78e-05 0.0001052 -0.00032 0.00052 8e-05
66 0.0001304 6.43e-05 0.0001248 -0.00123 5e-05 -0.00063
68 0.0001121 6.18e-05 0.0001359 -0.00162 -6e-05 -0.00011
70 0.0001012 6.65e-05 0.0001215 -0.00192 -8e-05 5e-05
72 9.73e-05 6.23e-05 0.0001092 -0.00214 -1e-04 2e-04
74 9.31e-05 6.12e-05 0.0001005 -0.00205 -9e-05 0.00025
76 9.71e-05 6.47e-05 9.87e-05 -0.00228 -4e-05 0.00032
78 9.82e-05 6.11e-05 9.31e-05 -0.00252 -2e-05 3e-04
80 9.08e-05 5.52e-05 8.69e-05 -0.00237 -3e-05 0.00029
82 9.84e-05 6.03e-05 8.98e-05 -0.00249 6e-05 0.00032
84 5.79e-05 0.0001447 0.000152 -0.00329 0.00013 0.00098
86 4.23e-05 0.0001647 0.0002191 -0.00328 0.00086 0.0012
88 3.81e-05 0.0001482 0.0001972 -0.00295 0.00077 0.00108
90 3.43e-05 0.0001334 0.0001775 -0.00265 7e-04 0.00098
92 5.86e-05 0.0001108 0.0001564 -0.00287 0.00077 0.00038
94 6.97e-05 7.14e-05 0.0001328 -0.00326 0.00052 0.00036
96 6.83e-05 6.09e-05 0.0001174 -0.00319 0.00043 3e-04
98 7.25e-05 6.22e-05 0.0001019 -0.00308 0.00038 0.00018
100 6.84e-05 5.36e-05 9.25e-05 -0.00295 3e-04 0.00019
102 6.5e-05 4.83e-05 8.4e-05 -0.00308 2e-04 0.00027
104 5.85e-05 4.35e-05 7.56e-05 -0.00277 0.00018 0.00025
106 4.77e-05 8.07e-05 0.0001193 -0.00282 2e-04 2e-04
108 4.36e-05 7.23e-05 0.0001086 -0.00255 0.00019 0.00018
110 5.37e-05 6.63e-05 0.0001043 -0.00247 0.00021 9e-05
112 6.3e-05 4.93e-05 9.85e-05 -0.00243 0.00021 5e-05
114 7.13e-05 3.92e-05 9e-05 -0.00242 0.00021 4e-05
116 7.95e-05 3.44e-05 8e-05 -0.00241 0.00023 0.00012
118 9.72e-05 1.89e-05 6.54e-05 -0.00287 0.00031 0.00025
120 9.86e-05 -9.4e-06 0.0001424 0.0012 -8e-05 -0.00061
122 9.58e-05 -4.73e-05 0.0001373 0.00263 -0.00019 -0.00137
124 0.0001107 -3.47e-05 0.0001457 0.00155 0.00015 -0.00064
126 0.0002533 0.0001153 0.0004209 -0.00022 0.00011 0.00123
128 0.000265 0.0001361 0.0003877 -0.00025 -2e-04 0.00188
130 0.0002648 0.000124 0.000183 -0.00196 -0.00163 0.00332
132 0.0002495 -2.81e-05 5.43e-05 -0.00214 -0.00236 0.00397
134 0.0001896 -2.12e-05 3.2e-06 -0.00313 -0.00168 0.00379
136 0.0001129 4.01e-05 0.0001301 -0.00324 -0.00054 0.00142
138 0.0001294 3.72e-05 0.0001412 -0.0019 -0.00092 5e-04
140 0.0001209 3.07e-05 0.0001148 -0.00211 -0.00075 0.00064
142 0.0001262 -1.79e-05 6.15e-05 -0.00294 -0.00082 0.00088
144 0.0001428 -5.09e-05 4.5e-06 -0.00314 -0.00082 0.00125
146 0.0001405 -6.16e-05 -4.03e-05 -0.0031 -0.00083 0.00154
148 0.0001157 -9.21e-05 -9.85e-05 -0.00312 -0.00085 0.0017
150 0.0001041 -8.29e-05 -8.87e-05 -0.00281 -0.00076 0.00153
152 8.57e-05 -0.0001099 -0.0001032 -0.00261 -0.00081 0.00147
154 7.51e-05 -0.0001157 -0.0001049 -0.00232 -0.00083 0.00168
156 7.65e-05 -7.52e-05 -2.79e-05 -0.00226 -0.00067 0.00134
158 8.08e-05 -9.96e-05 3.66e-05 -0.00049 0.00011 0.00014
160 6.78e-05 -0.0001177 -2.97e-05 -3e-05 -0.00027 0.00137
162 6.74e-05 -0.0001125 -3.41e-05 -7e-05 -0.00028 0.00135
164 6.86e-05 -0.0001116 -3.7e-05 -8e-05 -3e-04 0.00132
166 6.81e-05 -0.0001116 -3.83e-05 -0.00014 -0.00034 0.00126
168 7.77e-05 -0.0001182 -5.08e-05 -4e-04 -0.00041 0.00135
170 7.44e-05 -0.000122 -5.69e-05 -0.00049 -0.00044 0.00132
172 7.19e-05 -0.0001249 -5.81e-05 -0.00055 -0.00045 0.00135
174 8.3e-05 -7.83e-05 -6.72e-05 -0.00014 -0.00068 0.00139
176 0.0001898 2.11e-05 -6.3e-06 -0.00066 -0.00044 -0.00087
178 0.0001597 -3.24e-05 4.44e-05 -0.00198 -0.00046 -0.00044
180 0.0001418 -3.06e-05 6.51e-05 -0.00149 -0.00052 0.00061
182 0.0001078 2.3e-05 0.0001775 -0.00059 -0.00114 0.00136
184 9.81e-05 -1.11e-05 0.0001482 -0.00196 -0.00103 0.00192
186 8.83e-05 -1e-05 0.0001334 -0.00176 -0.00093 0.00173
188 8.07e-05 -1.44e-05 0.0001223 -0.00205 -0.00091 0.00184
190 7.69e-05 -2.04e-05 0.0001015 -0.00259 -0.00106 0.00232
192 7.43e-05 -2.37e-05 8.95e-05 -0.00246 -0.00098 0.0021
194 6.7e-05 -2.14e-05 8.05e-05 -0.00222 -0.00088 0.00189
196 7.28e-05 -2.65e-05 7.09e-05 -0.00234 -0.00087 0.00186
198 7.67e-05 -3.12e-05 6.09e-05 -0.00241 -0.00081 0.00176
200 9.63e-05 -8.18e-05 3.91e-05 -0.00291 -0.00073 0.0011
202 0.0001286 -9.59e-05 1.96e-05 -0.00283 -0.00082 0.00136
204 0.0001533 -9.88e-05 -2.8e-06 -0.00264 -0.00106 0.00164
206 0.0001491 -0.0001054 -1.32e-05 -0.00241 -0.00108 0.00166
208 0.0001342 -9.49e-05 -1.19e-05 -0.00217 -0.00097 0.0015
210 0.0001247 -8.65e-05 -1.11e-05 -0.00197 -0.00092 0.0014
212 0.0001261 -8.62e-05 -8.4e-06 -0.00184 -0.00102 0.00148
214 0.0001276 -9.14e-05 -1.37e-05 -0.00181 -0.00111 0.00153
216 0.0001275 -9.32e-05 -1.92e-05 -0.00182 -0.00122 0.00157
218 0.0001322 -0.0001036 -2.45e-05 -0.0018 -0.00128 0.00158
220 0.0001355 -0.0001067 -2.39e-05 -0.00169 -0.0013 0.00163
222 0.0001331 -0.0001067 -2.68e-05 -0.00159 -0.00138 0.00176
224 0.0001296 -0.0001168 -2.95e-05 -0.00155 -0.00149 0.00197
226 0.0001277 -0.0001148 -3.11e-05 -0.00149 -0.00162 0.0022
228 0.0001232 -0.00012 -3.39e-05 -0.0014 -0.00169 0.00232
230 0.0001185 -8.09e-05 3.54e-05 -0.00158 -0.00192 0.00259
232 0.0001067 -7.28e-05 3.19e-05 -0.00142 -0.00172 0.00233
234 0.0001058 -8.13e-05 2.72e-05 -0.00141 -0.0017 0.00228
236 0.0001023 -8.1e-05 2.33e-05 -0.00131 -0.00163 0.00219
238 0.0001146 -0.0001128 4e-07 -0.00121 -0.00188 0.0026
240 0.0001223 -0.0001321 -1.99e-05 -0.00132 -0.00197 0.00274
242 0.0001181 -0.0001393 -3.13e-05 -0.0013 -0.00191 0.00274
244 0.0001063 -0.0001253 -2.82e-05 -0.00117 -0.00172 0.00246
246 0.0001101 -0.0001247 -2.64e-05 -0.00103 -0.00176 0.00252
248 0.0001117 -0.0001326 -2.62e-05 -0.00086 -0.0018 0.00265
250 0.0001306 -0.0001555 -4.97e-05 -0.00088 -0.00204 0.00325
252 0.0001199 -0.000142 -4.6e-05 -0.00081 -0.00187 0.00297
254 0.0001283 -0.0001424 -5.04e-05 -0.00083 -0.00192 0.00292
256 0.0001348 -0.000147 -5.87e-05 -0.00083 -0.00197 0.00293
258 0.0001405 -0.0001562 -6.8e-05 -0.00084 -0.00205 0.003
260 0.0001455 -0.0001608 -7.44e-05 -0.00077 -0.00208 0.00304
262 0.0001452 -0.0001635 -8.25e-05 -0.00071 -0.0021 0.00308
264 0.0001323 -0.0001485 -7.5e-05 -0.00065 -0.00191 0.00282
266 0.000139 -0.0001465 -7.23e-05 -0.00055 -0.00197 0.00298
268 0.0001433 -0.0001481 -7.73e-05 -5e-04 -0.002 0.00313
270 0.000149 -0.0001603 -8.61e-05 -0.00036 -0.00199 0.00318
272 0.0001594 -0.0001685 -9.47e-05 -0.00034 -0.00202 0.00331
274 0.0001696 -0.0001819 -0.0001083 -0.00018 -0.00199 0.00332
276 0.0001943 -0.0002317 -0.0001466 0.00032 -0.00214 0.00388
278 0.0001916 -0.0002388 -0.0001544 0.00054 -0.00222 0.00401
280 0.0002169 -0.0002776 -0.0001822 0.00092 -0.00259 0.00446
282 0.0001952 -0.0002498 -0.0001639 0.00083 -0.00233 0.00402
284 0.0001757 -0.0002248 -0.0001476 0.00074 -0.0021 0.00362
286 0.0001744 -0.0002222 -0.0001433 0.00062 -0.00221 0.00345
288 0.0001898 -0.0002377 -0.0001727 -0.00065 -0.00276 0.00401
290 0.0001708 -0.000214 -0.0001555 -0.00058 -0.00249 0.00361
292 0.0001649 -0.00024 -0.0001729 -0.00081 -0.00287 0.00435
294 0.0001496 -0.0002175 -0.0001567 -0.00073 -0.00263 0.00397
296 0.000146 -0.0002237 -0.0001607 -0.00075 -0.0028 0.00419
298 0.0001529 -0.000218 -0.0001566 -0.00078 -0.00289 0.00423
300 0.0001576 -0.0002119 -0.0001503 -0.00085 -0.00299 0.00421
302 0.0001517 -0.0001986 -0.0001413 -8e-04 -0.0029 0.00402
304 0.0001516 -0.0002027 -0.0001411 -0.00074 -0.00295 0.00408
306 0.0001523 -0.0002048 -0.000142 -0.00077 -0.00303 0.00417
308 0.0001528 -0.0002022 -0.0001422 -0.00078 -0.00312 0.00418
310 0.0001536 -0.0002014 -0.0001404 -0.00082 -0.00316 0.00415
312 0.000154 -0.0002076 -0.0001419 -0.00073 -0.00314 0.00416
314 0.0001534 -0.0002067 -0.0001469 -0.00064 -0.00323 0.00428
