0 0 0 0 0 0 0
16 0 0 0 0 0 0
18 -3.3e-06 -2.2e-05 -1.64e-05 -0.00065 -7e-05 1e-04
20 2.1e-05 -6.07e-05 -4.31e-05 -0.00133 -0.00036 1e-05
22 7.1e-05 -0.0001001 -6.5e-05 -0.00045 4e-04 -0.00016
24 3.92e-05 -3.87e-05 -7.22e-05 -0.00051 -0.00013 0.00047
26 1.71e-05 -3.12e-05 -9.65e-05 -0.0016 -0.00069 0.00087
28 -1.3e-06 -3.14e-05 -3.23e-05 -0.00127 -0.00199 0.00108
30 -3.55e-05 -2.62e-05 1.11e-05 -0.00128 -0.00254 0.0014
32 -4.46e-05 -2.96e-05 -4.47e-05 -0.00193 -0.00137 0.00108
34 -3.83e-05 -0.0001717 -0.0002671 -0.00322 -9e-04 0.00129
36 -3.83e-05 -4.11e-05 -0.0001673 -0.00392 -0.00173 0.00171
38 -3.59e-05 -4.2e-05 -0.000145 -0.00379 -0.00163 0.00168
40 -2.33e-05 -3.67e-05 -0.0001374 -0.00496 -0.00169 0.00168
42 -1e-05 -1.93e-05 -0.0001259 -0.005 -0.00154 0.00156
44 8.3e-06 -1.02e-05 -8.7e-06 -0.00381 -0.00166 0.00149
46 1.52e-05 3.19e-05 6.42e-05 -0.0034 -0.00193 0.00135
48 5.4e-06 -8.68e-05 1.24e-05 -0.00377 -0.0015 0.00079
50 -2.95e-05 -2.16e-05 1.45e-05 -0.00358 -0.00153 0.00132
52 -3e-06 3.85e-05 3.74e-05 -0.00378 -0.00169 0.00145
54 1.65e-05 2.79e-05 5.08e-05 -0.00365 -0.00167 0.00127
56 5.04e-05 -3.09e-05 0.0001219 -0.00286 -0.00145 0.00046
58 6.45e-05 -5.5e-05 0.000113 -0.00253 -0.00063 -0.00052
60 4.82e-05 -4.13e-05 7.2e-05 -0.00292 -0.00065 0
62 4.75e-05 -3.7e-05 6.46e-05 -0.00274 -0.00062 0.00016
64 4.8e-05 -1.9e-06 0.0001499 -0.00279 -0.00068 0.00049
66 2.9e-05 -4.96e-05 0.0001175 -0.00312 -0.00119 0.00124
68 -4.9e-06 -5.26e-05 6.55e-05 -0.0033 -0.00159 0.00194
70 -3.54e-05 -3.5e-05 6.39e-05 -0.00358 -0.00132 0.00182
72 -7.26e-05 -4.07e-05 4.23e-05 -0.00343 -0.00114 0.00201
74 -0.0001477 -0.0001168 -8.41e-05 -0.0024 -0.00063 0.0024
76 -0.0001863 -0.0001332 -0.0001154 -0.00262 -0.00038 0.00288
78 -0.0002035 -0.0001199 -0.0001468 -0.00332 5e-05 0.00304
80 -0.0001875 -9.57e-05 -0.00014 -0.00351 1e-04 0.00287
82 -0.0001733 -8.86e-05 -0.0001344 -0.00365 1e-04 0.00283
84 -0.0001499 -7.13e-05 -0.0001331 -0.00423 0.00015 0.00279
86 -0.0001401 -5.82e-05 -0.0001098 -0.00412 0.00016 0.00286
88 -7.48e-05 -6.32e-05 3.22e-05 -0.00367 0.00146 0.00182
90 -6.14e-05 -8.73e-05 -3.16e-05 -0.00478 0.00168 0.00161
92 -5.85e-05 -8.68e-05 -2.92e-05 -0.00445 0.00148 0.00153
94 -6.85e-05 -9.76e-05 -2.84e-05 -0.00397 0.00128 0.00161
96 -8.62e-05 -7.27e-05 -1.07e-05 -0.00347 0.00153 0.00186
98 6.63e-05 1.41e-05 0.0001448 0.00108 0.0012 0.00089
100 9.4e-05 -5.15e-05 0.0001666 -8e-05 0.00031 0.00086
102 1.97e-05 7.1e-05 0.0003735 -0.00027 0.00091 0.00179
104 -8e-06 1.9e-06 0.0003411 -0.00113 0.00184 0.00173
106 -2.15e-05 -5.45e-05 0.000308 -0.0017 0.0021 0.00165
108 -2.39e-05 -5.59e-05 0.0003018 -0.00138 0.00209 0.00173
110 2.11e-05 0.00025 0.0007048 0.00264 0.00205 0.00113
112 1.49e-05 0.0002507 0.0009759 0.00799 0.00109 0.00149
114 2.7e-06 0.0001562 0.0009075 0.00781 0.001 0.00163
116 2.4e-06 0.0001406 0.0008168 0.00703 9e-04 0.00147
118 -1.05e-05 0.0001119 0.0007636 0.00665 0.00097 0.00165
120 -1.47e-05 7.78e-05 0.0007504 0.00676 0.00124 0.0015
122 1.01e-05 -1.45e-05 0.0007432 0.00676 0.00194 0.00022
124 8.8e-06 -1.29e-05 0.0006695 0.00608 0.00175 2e-04
126 -1.31e-05 7.6e-06 0.0006569 0.00533 0.00199 0.00087
128 -1.4e-05 2.72e-05 0.0006208 0.00464 0.00191 0.00095
130 -1.73e-05 6.22e-05 0.000625 0.00409 0.00204 0.00103
132 -1.2e-06 1.88e-05 0.0006249 0.00356 0.00245 0.00049
134 2.9e-06 9.98e-05 0.0006425 0.00101 0.00301 0.00025
136 -2.67e-05 7.38e-05 0.0006021 0.00016 0.00284 0.00075
138 -3.05e-05 2.14e-05 0.0005833 0.00021 0.00276 0.00066
140 -5.77e-05 4.33e-05 0.0005972 0.00057 0.00295 0.00129
142 -5.2e-05 3.9e-05 0.0005375 0.00051 0.00265 0.00116
144 -5.65e-05 4.32e-05 0.0005156 5e-04 0.00272 0.00133
146 1.98e-05 7.28e-05 0.0006127 0.00101 0.00297 0.00084
148 6.6e-06 8.42e-05 0.0006759 0.00098 0.00272 0.00114
150 -5.2e-06 6.7e-05 0.0006443 0.00091 0.00254 0.00139
152 -2.86e-05 5.88e-05 0.0006627 0.00121 0.00246 0.00173
154 -2.53e-05 6.16e-05 0.0007206 0.00183 0.00325 0.00086
156 -3.76e-05 4.79e-05 0.0006724 0.00157 0.00312 0.00087
158 -6.18e-05 9.66e-05 0.0007443 0.00218 0.00246 0.00175
160 2.34e-05 6.77e-05 0.0007973 0.00399 0.00273 0.00065
162 1.06e-05 4.02e-05 0.0007269 0.00321 0.00279 0.00063
164 -8e-07 3.85e-05 0.0006792 0.00273 0.00264 0.00074
166 -1e-05 6.9e-06 0.0006752 0.00223 0.0027 0.00082
168 -1.91e-05 1.68e-05 0.0006825 0.00172 0.00282 0.00084
170 -3.79e-05 4.99e-05 0.0007418 0.00189 0.00293 0.00128
172 -3.79e-05 4.69e-05 0.0007443 0.00206 0.00303 0.0013
174 -3.61e-05 8.5e-06 0.0007493 0.0021 0.00338 0.00107
176 -3.93e-05 -8e-07 0.0007137 0.00184 0.0033 0.00113
178 -4.5e-05 2.67e-05 0.0007181 0.00155 0.00323 0.0013
180 -3.12e-05 3.7e-05 0.0007745 0.00121 0.00336 0.00125
182 -2.09e-05 2.53e-05 0.0008201 0.0011 0.00356 0.00127
184 -3.26e-05 5.75e-05 0.0007859 0.00026 0.00377 0.00122
186 -5.28e-05 6.33e-05 0.0007345 -0.00075 0.00399 0.00128
188 -6.29e-05 4.03e-05 0.0006923 -0.00103 0.00368 0.00137
190 -7.83e-05 7.03e-05 0.0006991 -0.00173 0.00346 0.00166
192 -8e-05 7.65e-05 0.0006551 -0.00211 0.00327 0.00173
194 -9.2e-05 0.0001065 0.0007671 -0.0016 0.00326 0.00157
196 -7.27e-05 3.5e-06 0.0007352 -0.00131 0.00332 0.0013
198 -7.05e-05 9.1e-06 0.0007003 -0.00125 0.0032 0.00145
200 -6.82e-05 -6.08e-05 0.000678 -0.00137 0.00339 0.00189
202 -9.96e-05 3.05e-05 0.0007187 -0.00093 0.00373 0.00244
204 -0.0001171 9.5e-05 0.0007237 -0.0013 0.00383 0.00252
206 -0.0001119 6.27e-05 0.0007323 -0.00124 0.00395 0.00236
208 -0.0001063 6.65e-05 0.0007338 -0.00118 0.0039 0.00212
210 -0.0001096 6.43e-05 0.0006971 -0.00108 0.00351 0.00208
212 -0.0001207 7.05e-05 0.0007181 -0.00109 0.00341 0.0024
214 -0.0001329 4.35e-05 0.000714 -0.00179 0.0033 0.00248
216 -0.0001313 5.51e-05 0.0006784 -0.00187 0.00326 0.00241
218 -0.0001185 0.0001059 0.0007325 -0.00134 0.00483 0.00249
220 -0.000131 6.73e-05 0.0007273 -0.00145 0.00531 0.00258
222 -0.0001396 6.23e-05 0.0006869 -0.00137 0.00518 0.00256
224 -0.0001376 7.1e-05 0.0006535 -0.00138 0.00509 0.00253
226 -0.0001427 6.29e-05 0.0006657 -0.00158 0.00534 0.00266
228 -0.000144 7.23e-05 0.0006705 -0.00198 0.00552 0.00262
230 -0.0001354 7.37e-05 0.0006784 -0.00214 0.00567 0.00248
232 -0.000131 7.48e-05 0.0006477 -0.0021 0.00544 0.00242
234 -0.0001297 7.67e-05 0.0006566 -0.0022 0.00565 0.00248
236 -0.0001133 7.11e-05 0.0006253 -0.00215 0.0054 0.00227
238 -0.0001925 0.0001059 0.0007038 -0.00152 0.00552 0.00392
240 -0.0002811 0.0001726 0.0008293 -4e-05 0.00622 0.00333
242 -0.0002583 8.63e-05 0.0007859 -0.00019 0.00593 0.00305
244 -0.0002338 4.44e-05 0.0007323 -0.00019 0.00576 0.00286
246 -0.0002187 4.91e-05 0.0007048 -0.00077 0.00616 0.00277
248 -0.0002271 5.59e-05 0.0006957 -0.00115 0.00638 0.00288
250 -0.0002214 -3.9e-06 0.0006949 -0.00144 0.00666 0.00263
252 -0.0002083 9.7e-06 0.0006622 -0.00134 0.00646 0.00252
254 -0.0002111 -1e-07 0.0006526 -0.0015 0.00688 0.0025
256 -0.0001693 -3.12e-05 0.0005904 -0.00139 0.00723 0.00221
258 -0.0001357 -2.99e-05 0.0005824 -0.00152 0.0075 0.00177
260 -0.0001384 1.21e-05 0.0005793 -0.00201 0.00766 0.00169
262 -0.0001276 1.9e-05 0.0005448 -0.00209 0.00739 0.00141
264 -9.45e-05 -2.51e-05 0.0005813 -0.00241 0.00772 0.00046
266 -8.98e-05 -4.38e-05 0.0005548 -0.00219 0.00731 5e-04
268 -9.01e-05 -4.36e-05 0.0005316 -0.00209 0.00711 0.00061
270 -8.18e-05 -1.82e-05 0.0005448 -0.0026 0.00734 0.00039
272 -7.6e-05 -2.35e-05 0.0005495 -0.00274 0.00769 0.00048
274 -1.62e-05 -3.56e-05 0.0006173 -0.00345 0.00815 -0.00032
276 4.45e-05 -2.57e-05 0.0007417 -0.00371 0.00801 -0.00147
278 2.26e-05 -1.17e-05 0.0007246 -0.00318 0.00776 -0.00113
280 1e-07 -7.4e-06 0.0006701 -0.00297 0.00723 -0.00061
282 5e-07 -8.7e-06 0.0006695 -0.00287 0.00708 -4e-04
284 2.44e-05 -5.25e-05 0.0006057 -0.00243 0.0068 -0.00099
286 3e-06 -0.0001116 0.0005446 -0.00266 0.00672 -0.00066
288 -2.21e-05 -0.0001662 0.0004631 -0.00331 0.00681 -0.00025
290 -2.76e-05 -0.0001624 0.0004094 -0.00332 0.00646 -9e-05
292 -3.48e-05 -0.0002021 0.0003593 -0.0039 0.00645 -0.00017
294 -3.05e-05 -0.0002104 0.0003327 -0.00466 0.00626 -0.00024
296 -3.46e-05 -0.0001595 0.0003406 -0.00506 0.00586 -0.00023
298 -3.12e-05 -0.0001436 0.0003065 -0.00456 0.00528 -0.00021
300 -3.43e-05 -0.0001545 0.0002809 -0.00436 0.00515 -0.00033
302 -4.11e-05 -0.0001671 0.0002565 -0.00426 0.00507 -0.00038
304 -4.14e-05 -0.0001814 0.0002455 -0.0041 0.00508 -0.00058
306 -5.3e-05 -0.0002288 0.0002238 -0.00431 0.00565 -0.00077
308 -6.03e-05 -0.0002219 0.0001975 -0.00437 0.00556 -5e-04
310 -4.96e-05 -0.0002558 0.000182 -0.00481 0.00581 -5e-04
312 -4.47e-05 -0.0002302 0.0001638 -0.00432 0.00523 -0.00045
314 -9.1e-06 -0.0002408 0.0002487 -0.00505 0.00619 -0.001
