0 0 0 0 0 0 0
16 0 0 0 0 0 0
18 -1.9e-06 -9.4e-06 -1.34e-05 -6e-05 -8e-05 -2e-05
20 7.4e-06 -5e-06 -9.9e-06 -0.00044 -0.00048 -0.00012
22 -9.1e-06 -2.51e-05 -2.76e-05 -0.00047 -0.00022 1e-05
24 -5.4e-06 -2.46e-05 -2.92e-05 -0.00079 -0.00024 3e-05
26 -4.9e-06 -2.22e-05 -2.63e-05 -0.00071 -0.00021 3e-05
28 -1.85e-05 -1.95e-05 -4.74e-05 0.00029 9e-05 0.00014
30 -1.31e-05 -2.5e-05 -2.83e-05 0.00014 1e-04 0.00017
32 -2.24e-05 -3.88e-05 -1.35e-05 -2e-05 3e-05 0.00044
34 -2.02e-05 -3.49e-05 -1.22e-05 -1e-05 3e-05 4e-04
36 -4.71e-05 -5.66e-05 -1.46e-05 0.00053 0.00014 0.00036
38 -4.06e-05 -4.71e-05 -6.5e-06 6e-04 0.00019 0.00043
40 -1.1e-05 7.6e-06 3.55e-05 0.00088 0.00033 0.00038
42 -9.9e-06 6.8e-06 3.19e-05 8e-04 0.00029 0.00034
44 -2.3e-05 -3.61e-05 6.34e-05 0.00137 0.00103 0.00092
46 -2.41e-05 -0.0002274 -8.1e-06 -0.0019 0.00198 0.00156
48 -4.9e-06 0.0001918 0.0002134 0.00044 -0.00071 -0.00018
50 -2.33e-05 0.0001047 0.0004008 0.00489 -0.00022 -0.00033
52 -2.92e-05 4.13e-05 0.000338 0.00474 0.00065 -6e-05
54 -2.21e-05 -0.0001695 0.0003384 0.00364 0.00139 4e-04
56 3.67e-05 -0.0001345 0.000666 0.00825 0.00462 -0.00057
58 2.54e-05 0.0003157 0.0004451 -0.00059 0.00421 0.00086
60 -2.77e-05 0.0003535 0.0002817 0.00042 0.00266 0.00112
62 -2.2e-05 0.0001095 0.0003198 0.00137 0.00217 0.00109
64 -2.69e-05 4.5e-05 0.0002927 0.00135 0.00215 0.00094
66 -1.77e-05 1.1e-05 0.0002471 0.00017 0.0016 0.00039
68 -5.4e-06 3.28e-05 0.0002057 -0.00061 0.00043 -3e-05
70 9.5e-06 9.04e-05 0.0004662 0.00577 6e-04 -0.00156
72 7.8e-06 7.28e-05 0.0004374 0.0054 0.00056 -0.00138
74 -1.34e-05 3.6e-06 0.0003475 0.00375 0.00085 3e-05
76 -1.73e-05 5.9e-06 0.0003126 0.00331 0.00087 8e-05
78 -2.79e-05 1.52e-05 0.000283 0.00287 0.00085 0.00035
80 -3.09e-05 2.47e-05 0.000262 0.00268 0.00082 0.00046
82 -2.87e-05 3.7e-05 0.0002493 0.00248 8e-04 0.00047
84 -2.43e-05 -1.18e-05 0.0002254 0.00209 0.00073 0.00074
86 -2.54e-05 1.81e-05 0.0002432 0.00228 0.00075 0.00067
88 -2.96e-05 1.7e-06 0.0002271 0.00227 0.00071 0.00073
90 -2.93e-05 6.6e-06 0.0002898 0.00294 0.00125 0.00153
92 -0.0001341 -0.0002874 0.0003986 0.02055 0.00535 0.00817
94 -9.87e-05 -5.07e-05 0.0005223 0.02125 0.01421 0.00654
96 -9.8e-05 0.0003806 0.0003727 0.00403 0.01708 0.00549
98 -5e-05 0.0001297 0.0002569 0.0015 0.00754 0.00469
100 -5.18e-05 3.24e-05 0.000206 0.00144 0.00778 0.00433
102 -2.2e-06 -8.8e-05 5.5e-05 -0.00028 0.00719 0.00325
104 -1.58e-05 -0.000152 4.8e-05 -0.00179 0.00661 0.00191
106 -3.82e-05 3.45e-05 0.0001206 -0.00202 0.00658 0.00295
108 -3.91e-05 3.85e-05 0.000147 -0.00132 0.00627 0.00343
110 -3.52e-05 3.46e-05 0.0001323 -0.00119 0.00565 0.00309
112 -3.22e-05 2.98e-05 0.0001204 -0.00108 0.00512 0.00282
114 -3.01e-05 2.67e-05 0.0001158 -0.00099 0.00479 0.00275
116 -2.34e-05 2.47e-05 0.0001206 -0.00087 0.00475 0.00294
118 -2.4e-05 2.04e-05 0.0001243 -0.00076 0.00469 0.00306
120 -2.68e-05 2.12e-05 0.0001306 -0.00058 0.00467 0.00316
122 -3.45e-05 1.66e-05 0.0001534 -0.00025 0.00499 0.00347
124 -3.58e-05 8.3e-06 0.0001491 -0.00023 0.00484 0.00341
126 -3.75e-05 -1.5e-06 0.0001479 -0.00023 0.0048 0.00341
128 -4e-05 2.56e-05 0.0001707 5e-05 0.00516 0.00363
130 -3.6e-05 2.31e-05 0.0001536 4e-05 0.00464 0.00326
132 -3.57e-05 -5.31e-05 9.05e-05 0 0.00579 0.00342
134 -3.14e-05 -6.6e-05 7.86e-05 -4e-05 0.00534 0.00325
136 -5.23e-05 -0.0001062 -0.0001248 -0.00308 0.00514 0.00402
138 -4.71e-05 -9.56e-05 -0.0001123 -0.00277 0.00462 0.00362
140 -4.36e-05 -8.71e-05 -0.0001023 -0.00251 0.00419 0.00329
142 -5.3e-05 -0.0001179 -0.0001705 -0.00293 0.00475 0.00376
144 -5.04e-05 -0.0001113 -0.0001625 -0.00278 0.00439 0.00352
146 -4.67e-05 -0.0001009 -0.0001471 -0.00253 0.00399 0.0032
148 -4.78e-05 -9.6e-05 -0.0001363 -0.00238 0.0038 0.0031
150 -5.01e-05 -9.44e-05 -0.0001313 -0.00244 0.00382 0.00328
152 -4.99e-05 -8.78e-05 -0.0001201 -0.00228 0.00364 0.00318
154 -5.09e-05 -7.64e-05 -0.0001149 -0.0023 0.0037 0.00335
156 -5.2e-05 -8.44e-05 -0.0001139 -0.00237 0.00382 0.00344
158 -5.9e-05 -7.95e-05 -0.0001133 -0.00232 0.00393 0.00351
160 -6.35e-05 -7.87e-05 -0.0001112 -0.00236 0.004 0.00357
162 -6.17e-05 -7.69e-05 -0.000111 -0.00234 0.004 0.00356
164 -6.25e-05 -6.8e-05 -0.0001115 -0.00247 0.00403 0.00358
166 -7.33e-05 -0.0001109 -0.0001472 -0.00336 0.00471 0.00389
168 -5.59e-05 -7.76e-05 -0.0001831 -0.00481 0.00508 0.00389
170 -0.0001247 -0.0003361 -4.47e-05 0.01013 0.00472 0.00288
172 -0.0001842 -0.000723 0.0005698 0.0541 0.00559 0.00274
174 5.7e-06 -0.0010292 -1.27e-05 0.05002 0.00966 0.00517
176 -2.84e-05 -0.0003272 0.0007777 0.03073 0.00106 0.00927
178 -0.0002627 -0.0004472 -0.000912 0.00895 -0.00267 0.0088
180 -0.0003329 -0.0004082 -0.0011418 0.00047 -0.00332 0.00616
182 -0.0003005 -0.000471 -0.001356 -0.00365 -0.00222 0.00559
184 -0.0003544 -0.0006331 -0.0020647 -0.01349 0.00675 0.00401
186 -0.0002725 -0.0005244 -0.0021997 -0.0185 0.00825 0.00202
188 -0.0003196 -0.0011439 -0.0034021 -0.02619 0.00572 0.0056
190 -0.0002241 -0.0007074 -0.002497 -0.01085 0.00502 0.00913
192 -0.0002335 -0.0003405 -0.0017633 -0.0122 0.00265 0.00769
194 -0.0002549 -0.0006418 -0.0018905 -0.01234 0.00251 0.00771
196 -0.0002825 -0.0008434 -0.0023287 -0.01527 0.00637 0.00521
198 -0.0002725 -0.0006836 -0.0022726 -0.01612 0.00513 0.00565
200 -0.0002665 -0.0005983 -0.0021659 -0.01619 0.00426 0.00637
202 -0.0002739 -0.0005872 -0.0022924 -0.0167 0.0041 0.00644
204 -0.0002797 -0.0006298 -0.002446 -0.019 0.00377 0.00642
206 -0.0002671 -0.0006287 -0.0022763 -0.01888 0.00426 0.00633
208 -0.0002716 -0.0006029 -0.00225 -0.01905 0.00415 0.00639
210 -0.0002483 -0.0007377 -0.0029208 -0.02399 0.00494 0.00597
212 -0.0002758 -0.000674 -0.0028579 -0.02085 0.00397 0.006
214 -0.0002705 -0.0005994 -0.0025095 -0.01925 0.00366 0.00608
216 -0.0002666 -0.0006666 -0.0025717 -0.02065 0.00423 0.00576
218 -0.0002691 -0.0007297 -0.0027742 -0.02293 0.00434 0.00576
220 -0.0002632 -0.0006996 -0.002712 -0.0224 0.00407 0.00598
222 -0.0002627 -0.0006631 -0.0026984 -0.02275 0.00397 0.00594
224 -0.0002703 -0.0006421 -0.0026478 -0.02205 0.00348 0.00601
226 -0.000268 -0.0006569 -0.0026143 -0.02202 0.0027 0.0059
228 -0.0002741 -0.0006369 -0.0025969 -0.02053 0.00303 0.00589
230 -0.0002896 -0.0006269 -0.0024523 -0.02127 0.00311 0.00602
232 -0.0002026 -0.000735 -0.0028948 -0.01719 0.00505 0.00618
234 -5.33e-05 -0.0008799 -0.0031775 -0.01504 0.00636 0.00628
236 -0.000139 -0.0009786 -0.0030319 -0.0153 0.00382 0.00766
238 -0.0003312 -0.0019308 -0.0064614 -0.04357 -0.00556 0.01341
240 -0.0004275 -0.0015183 -0.0059894 -0.0352 -0.00345 0.0107
242 -0.0004661 -0.0012029 -0.0048798 -0.02903 0.0013 0.00534
244 -0.0002574 -0.0011689 -0.0044146 -0.03264 0.0014 0.00574
246 -0.0003076 -0.0012451 -0.0043151 -0.0326 0.00078 0.00576
248 -0.0003177 -0.0012187 -0.0042776 -0.03106 0.00019 0.00687
250 -0.0004196 -0.0011037 -0.0061359 -0.06898 -0.00207 0.00977
252 -0.0015149 -0.0002952 -0.0127651 -0.18131 -0.01668 0.0151
254 -0.003934 -0.0012438 -0.0196249 -0.24372 -0.03688 0.04946
256 -0.0019692 -0.0004723 -0.0105432 -0.1126 -0.01484 0.02878
258 -0.0012368 -0.0012912 -0.0084307 -0.05128 -0.01257 0.00729
260 -0.0024711 -0.0011954 -0.0079066 -0.06274 -0.01564 0.0471
262 -0.0023922 -0.0011602 -0.0084118 -0.08221 -0.01145 0.04403
264 -0.001745 -0.0012149 -0.0104574 -0.1266 -0.02136 0.02585
266 -0.0016875 -0.0008902 -0.0086273 -0.09237 -0.01531 0.02509
268 -0.001614 -0.0009216 -0.0082977 -0.09032 -0.01432 0.02479
270 -0.001586 -0.0010248 -0.0080233 -0.08519 -0.01415 0.02451
272 -0.0015905 -0.0010213 -0.0081985 -0.08973 -0.01456 0.02449
274 -0.0015544 -0.0007868 -0.0092098 -0.12236 -0.0225 0.02508
276 -0.0015921 -0.0008502 -0.0091682 -0.11591 -0.02212 0.02632
278 -0.001568 -0.0009131 -0.009076 -0.11177 -0.01924 0.02438
280 -0.0015733 -0.0007524 -0.0082819 -0.09793 -0.0168 0.02365
282 -0.0015516 -0.0009275 -0.0083273 -0.09698 -0.0155 0.02422
284 -0.0015655 -0.0009021 -0.0084258 -0.09906 -0.01606 0.02404
286 -0.0015894 -0.0009168 -0.0085003 -0.10066 -0.01656 0.02468
288 -0.0015614 -0.0009471 -0.0081788 -0.09287 -0.01453 0.02406
290 -0.0015344 -0.0009337 -0.0080998 -0.09069 -0.01473 0.02366
292 -0.0015048 -0.0011751 -0.0080892 -0.09029 -0.01181 0.02186
294 -0.0015046 -0.0009114 -0.008112 -0.09445 -0.00996 0.02346
296 -0.0014174 -0.0006831 -0.0080291 -0.09087 -0.0132 0.02412
298 -0.0014244 -0.0008649 -0.0078779 -0.08834 -0.01191 0.02223
300 -0.0014168 -0.0011116 -0.0077208 -0.08399 -0.01181 0.02218
302 -0.0014488 -0.0010463 -0.0079655 -0.08674 -0.01101 0.02249
304 -0.0014458 -0.0010181 -0.0078402 -0.08434 -0.01229 0.0217
306 -0.0014975 -0.0009872 -0.0078398 -0.08615 -0.00857 0.02352
308 -0.0014965 -0.0010272 -0.007789 -0.08312 -0.00752 0.02374
310 -0.0012344 -0.0038929 -0.0067684 0.10715 0.0129 0.01785
312 -0.0009429 -0.003759 -0.0063132 0.11551 0.01433 0.01442
314 -0.001729 -0.0029703 -0.0072183 0.00956 0.00803 0.0244
