15.9
17.9
19.9
21.9
23.9
25.9
27.9
29.9
31.9
33.9
35.9
37.9
39.9
41.9
43.9
45.9
47.9
49.9
51.9
53.9
55.9
57.9
59.9
61.9
63.9
65.9
67.9
69.9
71.9
73.9
75.9
77.9
79.9
81.9
83.9
85.9
87.9
89.9
91.9
93.9
95.9
97.9
99.9
101.9
103.9
105.9
107.9
109.9
111.9
113.9
115.9
117.9
119.9
121.9
123.9
125.9
127.9
129.9
131.9
133.9
135.9
137.9
139.9
141.9
143.9
145.9
147.9
149.9
151.9
153.9
155.9
157.9
159.9
161.9
163.9
165.9
167.9
169.9
171.9
173.9
175.9
177.9
179.9
181.9
183.9
185.9
187.9
189.9
191.9
193.9
195.9
197.9
199.9
201.9
203.9
205.9
207.9
209.9
211.9
213.9
215.9
217.9
219.9
221.9
223.9
225.9
227.9
229.9
231.9
233.9
235.9
237.9
239.9
241.9
243.9
245.9
247.9
249.9
251.9
253.9
255.9
257.9
259.9
261.9
263.9
265.9
267.9
269.9
271.9
273.9
275.9
277.9
279.9
281.9
283.9
285.9
287.9
289.9
291.9
293.9
295.9
297.9
299.9
301.9
303.9
305.9
307.9
309.9
311.9
313.9
