16
17.9
18
19.9
20
21.9
22
23.9
24
25.9
26
27.9
28
29.9
30
31.9
32
33.9
34
35.9
36
37.9
38
39.9
40
41.9
42
43.9
44
45.9
46
47.9
48
49.9
50
51.9
52
53.9
54
55.9
56
57.9
58
59.9
60
61.9
62
63.9
64
65.9
66
67.9
68
69.9
70
71.9
72
73.9
74
75.9
76
77.9
78
79.9
80
81.9
82
83.9
84
85.9
86
87.9
88
89.9
90
91.9
92
93.9
94
95.9
96
97.9
98
99.9
100
101.9
102
103.9
104
105.9
106
107.9
108
109.9
110
111.9
112
113.9
114
115.9
116
117.9
118
119.9
120
121.9
122
123.9
124
125.9
126
127.9
128
129.9
130
131.9
132
133.9
134
135.9
136
137.9
138
139.9
140
141.9
142
143.9
144
145.9
146
147.9
148
149.9
150
151.9
152
153.9
154
155.9
156
157.9
158
159.9
160
161.9
162
163.9
164
165.9
166
167.9
168
169.9
170
171.9
172
173.9
174
175.9
176
177.9
178
179.9
180
181.9
182
183.9
184
185.9
186
187.9
188
189.9
190
191.9
192
193.9
194
195.9
196
197.9
198
199.9
200
201.9
202
203.9
204
205.9
206
207.9
208
209.9
210
211.9
212
213.9
214
215.9
216
217.9
218
219.9
220
221.9
222
223.9
224
225.9
226
227.9
228
229.9
230
231.9
232
233.9
234
235.9
236
237.9
238
239.9
240
241.9
242
243.9
244
245.9
246
247.9
248
249.9
250
251.9
252
253.9
254
255.9
256
257.9
258
259.9
260
261.9
262
263.9
264
265.9
266
267.9
268
269.9
270
271.9
272
273.9
274
275.9
276
277.9
278
279.9
280
281.9
282
283.9
284
285.9
286
287.9
288
289.9
290
291.9
292
293.9
294
295.9
296
297.9
298
299.9
300
301.9
302
303.9
304
305.9
306
307.9
308
309.9
310
311.9
312
313.9
314
315.9
