0 0 0 0 0 0 0
8 0 0 0 0 0 0
10 1.8709281e-05 4.29987393333333e-05 -5.62880426666667e-05 0.00138481426666667 0.0106493873333333 0.00061847054
12 -5.64678133333333e-06 4.29137606666667e-05 6.67755693333333e-05 0.0016140977 0.0120704366666667 0.000653658646666667
14 0.0001171875 2.34375e-05 0.0001875 0.0008181231 0.0081812308 0
16 0.000456774906666667 5.40179353333333e-06 0.00018253854 -0.000397031796666667 0.0038304791 -0.00119134146666667
18 0.000616648076666667 -2.205056e-06 0.00015911187 0.000298042003333333 0.00708072326666666 -0.00179307633333333
20 0.0004980465 0 0.0001875 0.0016362462 0.015851142 -0.0016362462
22 0.000445344163333333 3.02937046666667e-06 0.00025959544 0.00031769425 0.0185886853333333 -0.00169647026666667
24 0.000882230636666667 -8.75504456666667e-06 0.00042437539 0.000751559823333333 0.0102487272333333 -0.0026609746
26 0.00140625 -4.6875e-05 0.000609375 0.0028634308 0 -0.0037838181
28 0.0011678153 -9.56791066666667e-05 0.000661285653333333 0.00215309976666667 0.00350714136666667 -0.0037408005
30 0.000871341066666667 -6.11715676666667e-05 0.000649214176666667 0.0020212842 0.0124452113333333 -0.0041773847
32 0.0009375 0 0.000632814 0.0029656949 0.013805834 -0.0048064743
34 0.00107905233333333 -6.1782863e-05 0.000626440606666667 0.0019191446 0.00302038083333333 -0.00380069656666667
36 0.000914981006666667 -9.52094026666667e-05 0.000717573426666667 0.0011402697 0.00203152366666667 -0.00377587816666667
38 0.00046875 -7.03125e-05 0.000773436 -0.00040906155 0.0020453077 -0.0049087386
40 0.00011264829 -0.000103632473333333 0.000523977683333333 -0.00641382356666667 -0.0254009953333333 -0.00485660616666667
42 -6.48958066666667e-05 -0.000110865193333333 0.000111434304333333 -0.0125467636666667 -0.0400667186666667 -0.0054507482
44 0 -9.96093e-05 -0.0001875 -0.015953426 -0.03221363 -0.008181231
46 0.00028844372 -0.00019244571 -0.000195175083333333 -0.0179574033333333 -0.0314630246666667 -0.0126122313333333
48 0.000275587703333333 -0.000396739433333333 -0.00023459723 -0.0223843123333333 -0.0328137243333333 -0.016405338
50 0 -0.00075 -0.000398436 -0.030270555 -0.025055013 -0.019634954
52 -1.35162373333333e-05 -0.0012413386 -0.000417526973333333 -0.037910836 -0.00636709036666667 -0.0241534363333333
54 -3.34863256666667e-05 -0.00144620926666667 -1.63967635666667e-05 -0.0366427293333333 0.000482372623333333 -0.0275754006666667
56 0 -0.001335936 0.00065625 -0.028122962 -0.0066472435 -0.029452431
58 0.000425008956666667 -0.00129507273333333 0.00114412633333333 -0.023350779 -0.0092380315 -0.0316844603333333
60 0.00059197373 -0.001362571 0.00144690343333333 -0.0244885386666667 -0.012520108 -0.0335050413333333
62 0.00046875 -0.0015 0.00159375 -0.029452431 -0.016362462 -0.034463427
64 0.000713642796666667 -0.00165452983333333 0.00155711723333333 -0.03395637 -0.0124978106666667 -0.034749503
66 0.00126566903333333 -0.00165777016666667 0.00143961696666667 -0.0325773253333333 -0.00653689093333333 -0.033061568
68 0.001875 -0.0013125 0.001376952 -0.019634954 -0.0076699106 -0.027713926
