0 0 0 0 0 0 0
8 0 0 0 0 0 0
8.12 5.8144712e-06 4.2292641e-06 -1.1760802e-05 0.00011809568 0.00097111104 5.1648734e-05
8.24 1.0828956e-05 8.2230572e-06 -2.2259822e-05 0.00023158822 0.0018957061 0.00010155463
8.36 1.50846e-05 1.1986503e-05 -3.1536353e-05 0.00034050578 0.0027746324 0.00014969486
8.48 1.8622548e-05 1.5524725e-05 -3.9629688e-05 0.00044487654 0.0036087375 0.00019604659
8.6 2.1483946e-05 1.8842847e-05 -4.657912e-05 0.00054472867 0.0043988685 0.000240587
8.72 2.3709938e-05 2.1945994e-05 -5.2423942e-05 0.00064009035 0.0051458728 0.00028329325
8.84 2.5341671e-05 2.4839288e-05 -5.7203448e-05 0.00073098975 0.0058505978 0.00032414252
8.96 2.6420289e-05 2.7527854e-05 -6.0956929e-05 0.00081745503 0.0065138909 0.00036311197
9.08 2.6986937e-05 3.0016816e-05 -6.3723679e-05 0.00089951439 0.0071365992 0.00040017878
9.2 2.7082761e-05 3.2311297e-05 -6.5542991e-05 0.00097719598 0.0077195703 0.00043532011
9.32 2.6748907e-05 3.441642e-05 -6.6454159e-05 0.001050528 0.0082636514 0.00046851314
9.44 2.6026518e-05 3.6337311e-05 -6.6496474e-05 0.0011195386 0.0087696898 0.00049973503
9.56 2.4956741e-05 3.8079092e-05 -6.570923e-05 0.0011842559 0.0092385329 0.00052896297
9.68 2.3580721e-05 3.9646888e-05 -6.4131721e-05 0.0012447082 0.009671028 0.0005561741
9.8 2.1939604e-05 4.1045822e-05 -6.1803238e-05 0.0013009236 0.010068023 0.00058134562
9.92 2.0074533e-05 4.2281018e-05 -5.8763076e-05 0.0013529302 0.010430364 0.00060445468
10.04 1.8026655e-05 4.33576e-05 -5.5050526e-05 0.0014007563 0.010758899 0.00062547847
10.16 1.5837116e-05 4.4280691e-05 -5.0704883e-05 0.0014444301 0.011054476 0.00064439414
10.28 1.3547059e-05 4.5055416e-05 -4.5765438e-05 0.0014839796 0.011317941 0.00066117886
10.4 1.1197631e-05 4.5686898e-05 -4.0271486e-05 0.0015194331 0.011550142 0.00067580982
10.52 8.8299761e-06 4.6180261e-05 -3.4262319e-05 0.0015508187 0.011751927 0.00068826418
10.64 6.4852405e-06 4.6540629e-05 -2.7777229e-05 0.0015781647 0.011924142 0.00069851911
10.76 4.2045691e-06 4.6773126e-05 -2.0855511e-05 0.0016014991 0.012067636 0.00070655177
10.88 2.0291072e-06 4.6882875e-05 -1.3536457e-05 0.0016208502 0.012183255 0.00071233935
11 0 4.6875e-05 -5.85936e-06 0.0016362462 0.012271846 0.00071585901
11.12 -1.8416072e-06 4.6754625e-05 2.1364871e-06 0.0016477151 0.012334258 0.00071708792
11.24 -3.4545691e-06 4.6526874e-05 1.0411791e-05 0.0016552853 0.012371337 0.00071600325
11.36 -4.7977405e-06 4.6196871e-05 1.8927259e-05 0.0016589848 0.012383931 0.00071258217
11.48 -5.8299761e-06 4.5769739e-05 2.7643598e-05 0.0016588418 0.012372887 0.00070680186
11.6 -6.5101306e-06 4.5250602e-05 3.6521515e-05 0.0016548845 0.012339052 0.00069863948
11.72 -6.7970589e-06 4.4644584e-05 4.5521717e-05 0.0016471411 0.012283274 0.0006880722
11.84 -6.6496156e-06 4.3956809e-05 5.460491e-05 0.0016356397 0.0122064 0.00067507719
11.96 -6.0266554e-06 4.31924e-05 6.3731803e-05 0.0016204086 0.012109278 0.00065963163
12.08 -4.8870332e-06 4.2356482e-05 7.2863102e-05 0.0016014759 0.011992754 0.00064171268
12.2 -3.1896036e-06 4.1454178e-05 8.1959513e-05 0.0015788697 0.011857676 0.00062129752
12.32 -8.932214e-07 4.0490612e-05 9.0981745e-05 0.0015526183 0.011704892 0.00059836331
12.44 2.0432587e-06 3.9470908e-05 9.9890503e-05 0.0015227498 0.011535249 0.00057288722
12.56 5.6609819e-06 3.8400189e-05 0.0001086465 0.0014892923 0.011349593 0.00054484643
12.68 1.0001093e-05 3.728358e-05 0.00011721043 0.0014522742 0.011148773 0.00051421811
12.8 1.5104739e-05 3.6126203e-05 0.00012554301 0.0014117234 0.010933636 0.00048097942
12.92 2.1013063e-05 3.4933184e-05 0.00013360495 0.0013676683 0.010705029 0.00044510754
13.04 2.7767211e-05 3.3709646e-05 0.00014135694 0.001320137 0.010463799 0.00040657964
13.16 3.5408329e-05 3.2460712e-05 0.00014875971 0.0012691576 0.010210795 0.00036537288
13.28 4.3977562e-05 3.1191506e-05 0.00015577396 0.0012147583 0.0099468619 0.00032146444
13.4 5.3516054e-05 2.9907153e-05 0.00016236038 0.0011569674 0.0096728486 0.00027483148
13.52 6.4064952e-05 2.8612775e-05 0.0001684797 0.0010958129 0.0093896022 0.00022545119
13.64 7.56654e-05 2.7313497e-05 0.00017409261 0.001031323 0.0090979698 0.00017330072
13.76 8.8358544e-05 2.6014443e-05 0.00017915983 0.000963526 0.0087987989 0.00011835726
13.88 0.00010218553 2.4720736e-05 0.00018364205 0.00089244996 0.0084929368 6.0597959e-05
14 0.0001171875 2.34375e-05 0.0001875 0.0008181231 0.0081812308 0
14.12 0.00013337946 2.2169235e-05 0.00019070704 0.0007406763 0.0078647282 -6.3403894e-05
14.24 0.00015067182 2.0917946e-05 0.00019328722 0.00066065137 0.0075452756 -0.00012935878
14.36 0.00016894886 1.9685015e-05 0.00019527725 0.00057869285 0.0072249194 -0.00019755416
14.48 0.00018809486 1.8471821e-05 0.00019671385 0.00049544526 0.0069057062 -0.00026767952
14.6 0.00020799408 1.7279746e-05 0.00019763374 0.00041155314 0.0065896824 -0.00033942439
14.72 0.0002285308 1.6110171e-05 0.00019807363 0.00032766102 0.0062788947 -0.00041247824
14.84 0.00024958929 1.4964477e-05 0.00019807023 0.00024441343 0.0059753895 -0.00048653059
14.96 0.00027105383 1.3844045e-05 0.00019766027 0.0001624549 0.0056812132 -0.00056127093
15.08 0.0002928087 1.2750256e-05 0.00019688045 8.2429975e-05 0.0053984125 -0.00063638877
15.2 0.00031473815 1.1684492e-05 0.00019576749 4.9831752e-06 0.0051290337 -0.00071157361
15.32 0.00033672648 1.0648132e-05 0.0001943581 -6.9240964e-05 0.0048751235 -0.00078651494
15.44 0.00035865795 9.6425583e-06 0.000192689 -0.00013959791 0.0046387283 -0.00086090228
15.56 0.00038041683 8.6691519e-06 0.00019079691 -0.00020544313 0.0044218946 -0.0009344251
15.68 0.0004018874 7.7292936e-06 0.00018871854 -0.0002661321 0.0042266689 -0.0010067729
15.8 0.00042295394 6.8243644e-06 0.00018649061 -0.00032102027 0.0040550977 -0.0010776353
15.92 0.00044350072 5.9557454e-06 0.00018414982 -0.00036946313 0.0039092275 -0.0011467016
16.04 0.000463412 5.1248176e-06 0.0001817329 -0.00041081613 0.0037911049 -0.0012136614
16.16 0.00048257207 4.332962e-06 0.00017927657 -0.00044443474 0.0037027763 -0.0012782042
16.28 0.00050086519 3.5815597e-06 0.00017681752 -0.00046967444 0.0036462883 -0.0013400196
16.4 0.00051817565 2.8719915e-06 0.00017439249 -0.00048589069 0.0036236873 -0.0013987969
16.52 0.00053438772 2.2056386e-06 0.00017203818 -0.00049243895 0.0036370198 -0.0014542258
16.64 0.00054938566 1.583882e-06 0.00016979131 -0.0004886747 0.0036883324 -0.0015059956
16.76 0.00056305376 1.0081027e-06 0.0001676886 -0.00047395341 0.0037796716 -0.001553796
16.88 0.00057527628 4.7968169e-07 0.00016576676 -0.00044763053 0.0039130837 -0.0015973163
17 0.0005859375 0 0.0001640625 -0.00040906155 0.0040906155 -0.0016362462
17.12 0.00059495315 -4.3006617e-07 0.00016260537 -0.00035790811 0.0043134811 -0.0016703664
17.24 0.00060236479 -8.1165986e-07 0.00016139623 -0.00029505661 0.0045795663 -0.001699823
17.36 0.00060824542 -1.1464289e-06 0.00016042875 -0.00022169964 0.0048859246 -0.0017248534
17.48 0.00061266805 -1.4360213e-06 0.00015969662 -0.00013902978 0.0052296093 -0.0017456952
17.6 0.0006157057 -1.6820847e-06 0.00015919352 -4.8239619e-05 0.0056076741 -0.0017625856
17.72 0.00061743137 -1.8862672e-06 0.00015891314 4.9478259e-05 0.0060171724 -0.0017757621
17.84 0.00061791807 -2.0502165e-06 0.00015884916 0.00015293127 0.0064551576 -0.0017854622
17.96 0.00061723881 -2.1755805e-06 0.00015899525 0.00026092683 0.0069186834 -0.0017919232
18.08 0.00061546661 -2.264007e-06 0.00015934511 0.00037227235 0.007404803 -0.0017953826
18.2 0.00061267447 -2.3171441e-06 0.00015989242 0.00048577525 0.0079105702 -0.0017960778
18.32 0.0006089354 -2.3366394e-06 0.00016063086 0.00060024294 0.0084330382 -0.0017942461
18.44 0.00060432241 -2.3241409e-06 0.0001615541 0.00071448284 0.0089692607 -0.0017901252
18.56 0.00059890852 -2.2812964e-06 0.00016265585 0.00082730236 0.0095162911 -0.0017839522
18.68 0.00059276672 -2.2097538e-06 0.00016392977 0.00093750891 0.010071183 -0.0017759648
18.8 0.00058597004 -2.111161e-06 0.00016536956 0.0010439099 0.01063099 -0.0017664002
18.92 0.00057859148 -1.9871658e-06 0.00016696888 0.0011453128 0.011192765 -0.0017554959
19.04 0.00057070405 -1.8394161e-06 0.00016872144 0.001240525 0.011753562 -0.0017434894
19.16 0.00056238076 -1.6695598e-06 0.0001706209 0.0013283538 0.012310434 -0.0017306181
19.28 0.00055369462 -1.4792447e-06 0.00017266096 0.0014076068 0.012860435 -0.0017171193
19.4 0.00054471864 -1.2701186e-06 0.00017483529 0.0014770913 0.013400618 -0.0017032305
19.52 0.00053552583 -1.0438295e-06 0.00017713759 0.0015356147 0.013928037 -0.0016891891
19.64 0.00052618921 -8.0202528e-07 0.00017956152 0.0015819845 0.014439746 -0.0016752326
19.76 0.00051678177 -5.4635369e-07 0.00018210078 0.0016150081 0.014932797 -0.0016615983
19.88 0.00050737653 -2.7846264e-07 0.00018474904 0.0016334928 0.015404245 -0.0016485237
20 0.0004980465 0 0.0001875 0.0016362462 0.015851142 -0.0016362462
20.12 0.00048887001 2.8702942e-07 0.00019035097 0.0016225169 0.01627089 -0.001624988
20.24 0.00047994668 5.7919301e-07 0.00019331387 0.0015933191 0.016662277 -0.0016149105
20.36 0.00047138144 8.727012e-07 0.00019640426 0.0015501082 0.017024442 -0.00160616
20.48 0.00046327924 1.1637645e-06 0.00019963767 0.0014943396 0.017356519 -0.0015988827
20.6 0.000455745 1.4485932e-06 0.00020302967 0.001427469 0.017657646 -0.0015932247
20.72 0.00044888367 1.7233979e-06 0.00020659581 0.0013509516 0.01792696 -0.0015893323
20.84 0.00044280019 1.9843889e-06 0.00021035164 0.0012662429 0.018163597 -0.0015873518
20.96 0.00043759948 2.2277768e-06 0.00021431272 0.0011747985 0.018366695 -0.0015874293
21.08 0.0004333865 2.4497719e-06 0.0002184946 0.0010780737 0.018535388 -0.001589711
21.2 0.00043026617 2.6465847e-06 0.00022291284 0.00097752396 0.018668815 -0.0015943432
21.32 0.00042834344 2.8144256e-06 0.00022758298 0.00087460482 0.018766112 -0.001601472
21.44 0.00042772323 2.9495051e-06 0.00023252058 0.00077077169 0.018826415 -0.0016112438
21.56 0.0004285105 3.0480337e-06 0.00023774119 0.00066748004 0.018848862 -0.0016238046
21.68 0.00043081017 3.1062217e-06 0.00024326037 0.0005661853 0.018832589 -0.0016393008
21.8 0.00043472719 3.1202796e-06 0.00024909367 0.00046834294 0.018776732 -0.0016578785
21.92 0.00044036649 3.0864178e-06 0.00025525664 0.00037540841 0.018680428 -0.001679684
22.04 0.000447833 3.0008468e-06 0.00026176484 0.00028883717 0.018542814 -0.0017048634
22.16 0.00045723167 2.8597771e-06 0.00026863382 0.00021008467 0.018363027 -0.001733563
22.28 0.00046866744 2.659419e-06 0.00027587914 0.00014060635 0.018140203 -0.0017659291
22.4 0.00048224524 2.395983e-06 0.00028351634 8.1857692e-05 0.01787348 -0.0018021077
22.52 0.00049807 2.0656795e-06 0.00029156097 3.5294132e-05 0.017561992 -0.0018422452
22.64 0.00051624667 1.6647191e-06 0.00030002861 2.3711286e-06 0.017204878 -0.0018864877
22.76 0.00053688019 1.189312e-06 0.00030893479 -1.5455864e-05 0.016801274 -0.0019349815
22.88 0.00056007549 6.3566886e-07 0.00031829507 -1.6731392e-05 0.016350316 -0.0019878728
23 0.0005859375 0 0.000328125 0 0.015851142 -0.0020453077
23.12 0.00061450718 -7.2105151e-07 0.00033842973 3.570325e-05 0.015303836 -0.0021073301
23.24 0.0006455695 -1.5291122e-06 0.00034917277 8.9381234e-05 0.01471228 -0.0021735735
23.36 0.00067884546 -2.4253759e-06 0.00036030723 0.00015954631 0.014081301 -0.0022435691
23.48 0.00071405605 -3.4110365e-06 0.0003717862 0.00024471085 0.013415729 -0.0023168481
23.6 0.00075092225 -4.487288e-06 0.0003835628 0.0003433872 0.012720394 -0.0023929415
23.72 0.00078916506 -5.6553243e-06 0.00039559012 0.00045408772 0.012000123 -0.0024713806
23.84 0.00082850546 -6.9163392e-06 0.00040782127 0.00057532479 0.011259747 -0.0025516965
23.96 0.00086866445 -8.2715266e-06 0.00042020935 0.00070561075 0.010504094 -0.0026334203
24.08 0.00090936301 -9.7220805e-06 0.00043270747 0.00084345797 0.0097379937 -0.0027160832
24.2 0.00095032214 -1.1269195e-05 0.00044526873 0.00098737881 0.0089662745 -0.0027992163
24.32 0.00099126282 -1.2914063e-05 0.00045784624 0.0011358856 0.0081937656 -0.0028823508
24.44 0.001031906 -1.465788e-05 0.00047039309 0.0012874908 0.0074252962 -0.0029650178
24.56 0.0010719728 -1.6501838e-05 0.00048286239 0.0014407066 0.0066656953 -0.0030467484
24.68 0.0011111841 -1.8447133e-05 0.00049520725 0.0015940456 0.0059197919 -0.0031270738
24.8 0.0011492609 -2.0494957e-05 0.00050738077 0.0017460199 0.0051924151 -0.0032055252
24.92 0.0011859242 -2.2646505e-05 0.00051933604 0.001895142 0.004488394 -0.0032816337
25.04 0.001220895 -2.4902971e-05 0.00053102619 0.0020399243 0.0038125575 -0.0033549304
25.16 0.0012538943 -2.7265549e-05 0.00054240431 0.002178879 0.0031697348 -0.0034249465
25.28 0.001284643 -2.9735431e-05 0.0005534235 0.0023105187 0.0025647548 -0.0034912131
25.4 0.0013128623 -3.2313813e-05 0.00056403687 0.0024333555 0.0020024467 -0.0035532614
25.52 0.001338273 -3.5001889e-05 0.00057419751 0.002545902 0.0014876394 -0.0036106225
25.64 0.0013605961 -3.7800851e-05 0.00058385855 0.0026466704 0.001025162 -0.0036628276
25.76 0.0013795526 -4.0711894e-05 0.00059297307 0.002734173 0.00061984367 -0.0037094078
25.88 0.0013948636 -4.3736213e-05 0.00060149419 0.0028069224 0.0002765133 -0.0037498943
26 0.00140625 -4.6875e-05 0.000609375 0.0028634308 0 -0.0037838181
26.12 0.0014135203 -5.0124823e-05 0.0006165811 0.0029026645 -0.00020619497 -0.0038108805
26.24 0.0014168331 -5.3463744e-05 0.00062312803 0.0029254052 -0.00034388141 -0.0038314625
26.36 0.0014164346 -5.6865198e-05 0.00062904383 0.0029328887 -0.00041619692 -0.0038461153
26.48 0.0014125707 -6.0302618e-05 0.00063435652 0.0029263508 -0.00042627908 -0.00385539
26.6 0.0014054877 -6.3749441e-05 0.00063909413 0.002907027 -0.00037726548 -0.0038598376
26.72 0.0013954316 -6.7179101e-05 0.00064328471 0.0028761531 -0.00027229371 -0.0038600093
26.84 0.0013826484 -7.0565032e-05 0.00064695628 0.0028349648 -0.00011450136 -0.0038564562
26.96 0.0013673845 -7.388067e-05 0.00065013687 0.0027846978 9.2973992e-05 -0.0038497294
27.08 0.0013498857 -7.709945e-05 0.00065285451 0.0027265878 0.00034699475 -0.00384038
27.2 0.0013303983 -8.0194806e-05 0.00065513724 0.0026618705 0.00064442333 -0.003828959
27.32 0.0013091683 -8.3140173e-05 0.00065701308 0.0025917815 0.00098212214 -0.0038160177
27.44 0.0012864419 -8.5908986e-05 0.00065851008 0.0025175567 0.0013569536 -0.0038021071
27.56 0.001262465 -8.847468e-05 0.00065965625 0.0024404317 0.0017657801 -0.0037877784
27.68 0.001237484 -9.081069e-05 0.00066047964 0.0023616421 0.0022054641 -0.0037735825
27.8 0.0012117447 -9.289045e-05 0.00066100827 0.0022824238 0.002672868 -0.0037600707
27.92 0.0011854935 -9.4687396e-05 0.00066127018 0.0022040123 0.0031648541 -0.0037477941
28.04 0.0011589762 -9.6174962e-05 0.00066129339 0.0021276435 0.003678285 -0.0037373037
28.16 0.0011324391 -9.7326583e-05 0.00066110595 0.0020545529 0.004210023 -0.0037291506
28.28 0.0011061283 -9.8115694e-05 0.00066073587 0.0019859764 0.0047569305 -0.003723886
28.4 0.0010802899 -9.851573e-05 0.0006602112 0.0019231495 0.00531587 -0.003722061
28.52 0.0010551698 -9.8500125e-05 0.00065955997 0.0018673081 0.0058837038 -0.0037242266
28.64 0.0010310144 -9.8042315e-05 0.0006588102 0.0018196877 0.0064572944 -0.0037309341
28.76 0.0010080696 -9.7115734e-05 0.00065798992 0.0017815242 0.0070335041 -0.0037427344
28.88 0.00098658163 -9.5693818e-05 0.00065712718 0.0017540531 0.0076091955 -0.0037601787
29 0.0009667965 -9.375e-05 0.00065625 0.0017385103 0.0081812308 -0.0037838181
29.12 0.00094890864 -9.1270655e-05 0.00065538137 0.0017357553 0.0087465808 -0.0038139993
29.24 0.0009329056 -8.829391e-05 0.0006545241 0.0017451438 0.0093026482 -0.0038502515
29.36 0.00091872323 -8.4870833e-05 0.00065367597 0.0017656554 0.0098469443 -0.0038918992
29.48 0.00090629739 -8.105249e-05 0.00065283473 0.0017962696 0.01037698 -0.0039382674
29.6 0.00089556392 -7.6889948e-05 0.00065199817 0.0018359659 0.010890267 -0.0039886806
29.72 0.00088645867 -7.2434273e-05 0.00065116406 0.0018837241 0.011384316 -0.0040424636
29.84 0.00087891749 -6.7736532e-05 0.00065033015 0.0019385235 0.011856638 -0.0040989411
29.96 0.00087287623 -6.2847792e-05 0.00064949423 0.0019993439 0.012304744 -0.0041574378
30.08 0.00086827074 -5.7819119e-05 0.00064865407 0.0020651648 0.012726146 -0.0042172785
30.2 0.00086503686 -5.2701581e-05 0.00064780742 0.0021349657 0.013118355 -0.0042777878
30.32 0.00086311045 -4.7546245e-05 0.00064695207 0.0022077262 0.013478881 -0.0043382906
30.44 0.00086242735 -4.2404175e-05 0.00064608578 0.002282426 0.013805236 -0.0043981114
30.56 0.00086292342 -3.7326441e-05 0.00064520632 0.0023580445 0.01409493 -0.004456575
30.68 0.0008645345 -3.2364107e-05 0.00064431146 0.0024335613 0.014345476 -0.0045130061
30.8 0.00086719644 -2.7568242e-05 0.00064339898 0.0025079561 0.014554384 -0.0045667295
30.92 0.00087084509 -2.2989911e-05 0.00064246664 0.0025802083 0.014719166 -0.0046170698
31.04 0.0008754163 -1.8680181e-05 0.00064151221 0.0026492977 0.014837332 -0.0046633518
31.16 0.00088084592 -1.469012e-05 0.00064053346 0.0027142036 0.014906393 -0.0047049002
31.28 0.00088706979 -1.1070793e-05 0.00063952817 0.0027739057 0.014923861 -0.0047410398
31.4 0.00089402378 -7.8732678e-06 0.00063849409 0.0028273837 0.014887247 -0.0047710951
31.52 0.00090164372 -5.1486109e-06 0.00063742901 0.0028736169 0.014794062 -0.004794391
31.64 0.00090986546 -2.947889e-06 0.00063633069 0.0029115851 0.014641817 -0.0048102521
31.76 0.00091862485 -1.3221687e-06 0.0006351969 0.0029402678 0.014428023 -0.0048180033
31.88 0.00092785775 -3.2251678e-07 0.00063402542 0.0029586445 0.014150192 -0.0048169691
32 0.0009375 0 0.000632814 0.0029656949 0.013805834 -0.0048064743
32.12 0.00094748302 -3.8855698e-07 0.00063156511 0.0029607091 0.013393977 -0.0047860986
32.24 0.00095772048 -1.4536141e-06 0.00063029995 0.0029442197 0.012919719 -0.0047564411
32.36 0.00096812165 -3.1434695e-06 0.00062904441 0.0029170701 0.012389673 -0.0047183559
32.48 0.00097859577 -5.4064217e-06 0.00062782437 0.0028801033 0.011810451 -0.0046726972
32.6 0.0009890521 -8.1907688e-06 0.00062666571 0.0028341628 0.011188669 -0.0046203192
32.72 0.00099939988 -1.1444809e-05 0.00062559433 0.0027800917 0.010530938 -0.0045620758
32.84 0.0010095484 -1.5116841e-05 0.00062463612 0.0027187333 0.0098438738 -0.0044988213
32.96 0.0010194068 -1.9155163e-05 0.00062381695 0.0026509308 0.0091340886 -0.0044314097
33.08 0.0010288844 -2.3508072e-05 0.00062316272 0.0025775275 0.0084081964 -0.0043606951
33.2 0.0010378905 -2.8123868e-05 0.00062269932 0.0024993666 0.0076728106 -0.0042875317
33.32 0.0010463344 -3.2950849e-05 0.00062245262 0.0024172913 0.0069345447 -0.0042127736
33.44 0.0010541251 -3.7937312e-05 0.00062244852 0.0023321449 0.0062000123 -0.004137275
33.56 0.0010611721 -4.3031557e-05 0.0006227129 0.0022447707 0.005475827 -0.0040618898
33.68 0.0010673846 -4.8181881e-05 0.00062327165 0.0021560119 0.0047686023 -0.0039874722
33.8 0.0010726717 -5.3336583e-05 0.00062415066 0.0020667117 0.0040849516 -0.0039148765
33.92 0.0010769428 -5.8443961e-05 0.00062537582 0.0019777134 0.0034314887 -0.0038449565
34.04 0.0010801071 -6.3452314e-05 0.000626973 0.0018898602 0.0028148269 -0.0037785666
34.16 0.0010820739 -6.8309938e-05 0.0006289681 0.0018039954 0.0022415798 -0.0037165608
34.28 0.0010827524 -7.2965134e-05 0.00063138701 0.0017209622 0.001718361 -0.0036597931
34.4 0.0010820519 -7.7366199e-05 0.00063425561 0.0016416039 0.0012517841 -0.0036091179
34.52 0.0010798816 -8.1461431e-05 0.00063759978 0.0015667637 0.00084846242 -0.003565389
34.64 0.0010761507 -8.5199129e-05 0.00064144542 0.0014972848 0.00051500965 -0.0035294607
34.76 0.0010707686 -8.8527591e-05 0.00064581841 0.0014340105 0.0002580393 -0.0035021871
34.88 0.0010636444 -9.1395115e-05 0.00065074464 0.0013777841 8.4164906e-05 -0.0034844223
35 0.0010546875 -9.375e-05 0.00065625 0.0013294487 0 -0.0034770204
35.12 0.001043839 -9.5555617e-05 0.00066234217 0.0012894918 9.319674e-06 -0.0034805636
35.24 0.0010311678 -9.6835633e-05 0.00066895603 0.0012569769 0.00010454523 -0.0034945461
35.36 0.0010167749 -9.7628789e-05 0.00067600828 0.0012306118 0.0002752595 -0.0035181902
35.48 0.0010007612 -9.7973823e-05 0.00068341558 0.0012091043 0.00051104536 -0.0035507184
35.6 0.00098322749 -9.7909477e-05 0.00069109464 0.001191162 0.00080148563 -0.0035913528
35.72 0.00096427478 -9.7474491e-05 0.00069896213 0.0011754928 0.0011361632 -0.0036393159
35.84 0.00094400392 -9.6707605e-05 0.00070693473 0.0011608043 0.0015046609 -0.0036938299
35.96 0.00092251582 -9.5647558e-05 0.00071492913 0.0011458043 0.0018965615 -0.0037541172
36.08 0.00089991138 -9.4333092e-05 0.00072286202 0.0011292005 0.002301448 -0.0038194001
36.2 0.00087629148 -9.2802946e-05 0.00073065007 0.0011097006 0.0027089031 -0.0038889009
36.32 0.00085175704 -9.109586e-05 0.00073820997 0.0010860125 0.0031085097 -0.0039618419
36.44 0.00082640895 -8.9250575e-05 0.00074545841 0.0010568438 0.0034898508 -0.0040374455
36.56 0.0008003481 -8.7305831e-05 0.00075231207 0.0010209022 0.003842509 -0.0041149339
36.68 0.00077367539 -8.5300367e-05 0.00075868763 0.00097689555 0.0041560673 -0.0041935295
36.8 0.00074649173 -8.3272925e-05 0.00076450178 0.00092353153 0.0044201085 -0.0042724546
36.92 0.00071889801 -8.1262244e-05 0.0007696712 0.00085951789 0.0046242155 -0.0043509315
37.04 0.00069099512 -7.9307065e-05 0.00077411257 0.00078356236 0.0047579711 -0.0044281825
37.16 0.00066288398 -7.7446127e-05 0.00077774259 0.00069437268 0.0048109581 -0.0045034301
37.28 0.00063466546 -7.5718171e-05 0.00078047792 0.00059065658 0.0047727595 -0.0045758964
37.4 0.00060644048 -7.4161936e-05 0.00078223526 0.0004711218 0.004632958 -0.0046448038
37.52 0.00057830993 -7.2816164e-05 0.00078293129 0.00033447607 0.0043811366 -0.0047093746
37.64 0.00055037471 -7.1719594e-05 0.0007824827 0.00017942714 0.0040068779 -0.0047688312
37.76 0.00052273572 -7.0910967e-05 0.00078080616 4.6827333e-06 0.003499765 -0.0048223959
37.88 0.00049549385 -7.0429022e-05 0.00077781837 -0.00019104941 0.0028493807 -0.0048692909
38 0.00046875 -7.03125e-05 0.000773436 -0.00040906155 0.0020453077 -0.0049087386
38.12 0.00044258862 -7.0588474e-05 0.00076759848 -0.00065019394 0.0010810426 -0.0049401987
38.24 0.00041702831 -7.1237353e-05 0.0007603362 -0.00091347875 -3.4264423e-05 -0.0049640804
38.36 0.00039207124 -7.2227876e-05 0.00075170229 -0.0011974962 -0.0012875493 -0.0049810301
38.48 0.00036771956 -7.3528785e-05 0.00074174988 -0.0015008263 -0.0026657482 -0.0049916945
38.6 0.00034397543 -7.5108822e-05 0.00073053209 -0.0018220494 -0.004155797 -0.0049967201
38.72 0.00032084101 -7.6936727e-05 0.00071810205 -0.0021597456 -0.005744632 -0.0049967533
38.84 0.00029831844 -7.8981241e-05 0.0007045129 -0.002512495 -0.0074191892 -0.0049924408
38.96 0.0002764099 -8.1211105e-05 0.00068981776 -0.0028788778 -0.0091664046 -0.004984429
39.08 0.00025511754 -8.3595061e-05 0.00067406976 -0.0032574742 -0.010973214 -0.0049733646
39.2 0.00023444351 -8.6101849e-05 0.00065732202 -0.0036468644 -0.012826554 -0.004959894
39.32 0.00021438997 -8.8700211e-05 0.00063962769 -0.0040456284 -0.014713361 -0.0049446637
39.44 0.00019495908 -9.1358888e-05 0.00062103988 -0.0044523465 -0.01662057 -0.0049283204
39.56 0.000176153 -9.404662e-05 0.00060161173 -0.0048655989 -0.018535118 -0.0049115104
39.68 0.00015797388 -9.6732149e-05 0.00058139637 -0.0052839656 -0.02044394 -0.0048948805
39.8 0.00014042388 -9.9384216e-05 0.00056044692 -0.0057060269 -0.022333974 -0.0048790771
39.92 0.00012350515 -0.00010197156 0.00053881651 -0.0061303629 -0.024192154 -0.0048647467
40.04 0.00010721986 -0.00010446293 0.00051655827 -0.0065555539 -0.026005416 -0.0048525359
40.16 9.1570161e-05 -0.00010682705 0.00049372533 -0.0069801798 -0.027760698 -0.0048430912
40.28 7.6558209e-05 -0.00010903268 0.00047037083 -0.007402821 -0.029444935 -0.0048370592
40.4 6.2186162e-05 -0.00011104856 0.00044654787 -0.0078220576 -0.031045063 -0.0048350864
40.52 4.8456177e-05 -0.00011284341 0.00042230961 -0.0082364697 -0.032548018 -0.0048378192
40.64 3.5370411e-05 -0.00011438599 0.00039770916 -0.0086446375 -0.033940737 -0.0048459044
40.76 2.2931022e-05 -0.00011564504 0.00037279966 -0.0090451412 -0.035210155 -0.0048599883
40.88 1.1140166e-05 -0.0001165893 0.00034763423 -0.009436561 -0.036343208 -0.0048807175
41 0 -0.0001171875 0.000322266 -0.0098174769 -0.037326832 -0.0049087386
41.12 -1.0483432e-05 -0.00011741936 0.00029675034 -0.010186737 -0.038151617 -0.00494459
41.24 -2.0288543e-05 -0.00011730846 0.00027115156 -0.010544258 -0.038822762 -0.0049883777
41.36 -2.9389859e-05 -0.00011688933 0.0002455362 -0.010890226 -0.039349117 -0.0050400998
41.48 -3.7761907e-05 -0.00011619654 0.00021997083 -0.011224826 -0.039739536 -0.0050997541
41.6 -4.5379213e-05 -0.00011526461 0.00019452198 -0.011548244 -0.04000287 -0.0051673387
41.72 -5.2216302e-05 -0.0001141281 0.0001692562 -0.011860664 -0.040147971 -0.0052428514
41.84 -5.8247703e-05 -0.00011282156 0.00014424004 -0.012162271 -0.040183691 -0.0053262903
41.96 -6.344794e-05 -0.00011137952 0.00011954006 -0.012453251 -0.040118881 -0.0054176532
42.08 -6.779154e-05 -0.00010983654 9.5222793e-05 -0.012733789 -0.039962394 -0.0055169382
42.2 -7.1253029e-05 -0.00010822715 7.1354795e-05 -0.013004071 -0.039723082 -0.0056241433
42.32 -7.3806934e-05 -0.00010658591 4.8002615e-05 -0.013264281 -0.039409796 -0.0057392662
42.44 -7.5427781e-05 -0.00010494737 2.5232799e-05 -0.013514605 -0.039031389 -0.0058623052
42.56 -7.6090097e-05 -0.00010334605 3.1118963e-06 -0.013755227 -0.038596712 -0.005993258
42.68 -7.5768407e-05 -0.00010181652 -1.8293544e-05 -0.013986334 -0.038114616 -0.0061321226
42.8 -7.4437239e-05 -0.00010039332 -3.8916973e-05 -0.01420811 -0.037593955 -0.0062788971
42.92 -7.2071118e-05 -9.9110988e-05 -5.8691844e-05 -0.01442074 -0.03704358 -0.0064335792
43.04 -6.864457e-05 -9.8004076e-05 -7.7551606e-05 -0.01462441 -0.036472343 -0.0065961672
43.16 -6.4132122e-05 -9.7107128e-05 -9.5429712e-05 -0.014819305 -0.035889095 -0.0067666587
43.28 -5.8508301e-05 -9.6454688e-05 -0.00011225961 -0.015005611 -0.035302689 -0.0069450519
43.4 -5.1747632e-05 -9.6081304e-05 -0.00012797476 -0.015183511 -0.034721976 -0.0071313447
43.52 -4.3824643e-05 -9.602152e-05 -0.00014250861 -0.015353192 -0.034155808 -0.0073255351
43.64 -3.4713858e-05 -9.6309882e-05 -0.0001557946 -0.015514839 -0.033613038 -0.0075276209
43.76 -2.4389806e-05 -9.6980936e-05 -0.0001677662 -0.015668637 -0.033102517 -0.0077376002
43.88 -1.2827011e-05 -9.8069227e-05 -0.00017835685 -0.015814771 -0.032633097 -0.0079554709
44 0 -9.96093e-05 -0.0001875 -0.015953426 -0.03221363 -0.008181231
44.12 1.4087612e-05 -0.000101629 -0.00019515704 -0.016084923 -0.031850975 -0.0084147724
44.24 2.9315863e-05 -0.00010412935 -0.00020140112 -0.016210119 -0.031544023 -0.0086555627
44.36 4.5535699e-05 -0.00010710469 -0.00020633329 -0.016330009 -0.031289674 -0.0089029636
44.48 6.2598069e-05 -0.00011054933 -0.00021005463 -0.016445584 -0.031084825 -0.0091563368
44.6 8.0353921e-05 -0.00011445761 -0.00021266622 -0.016557838 -0.030926375 -0.0094150438
44.72 9.8654204e-05 -0.00011882385 -0.00021426912 -0.016667765 -0.030811222 -0.0096784463
44.84 0.00011734987 -0.00012364238 -0.00021496441 -0.016776357 -0.030736266 -0.009945906
44.96 0.00013629185 -0.00012890753 -0.00021485315 -0.016884607 -0.030698404 -0.010216784
45.08 0.00015533112 -0.00013461362 -0.00021403643 -0.016993509 -0.030694536 -0.010490443
45.2 0.0001743186 -0.00014075498 -0.00021261532 -0.017104056 -0.030721559 -0.010766244
45.32 0.00019310526 -0.00014732594 -0.00021069088 -0.017217241 -0.030776372 -0.011043549
45.44 0.00021154204 -0.00015432082 -0.00020836418 -0.017334057 -0.030855874 -0.011321719
45.56 0.00022947989 -0.00016173395 -0.00020573631 -0.017455496 -0.030956964 -0.011600116
45.68 0.00024676975 -0.00016955965 -0.00020290833 -0.017582553 -0.031076539 -0.011878101
45.8 0.00026326258 -0.00017779227 -0.00019998131 -0.017716221 -0.031211499 -0.012155037
45.92 0.00027880932 -0.00018642611 -0.00019705633 -0.017857492 -0.031358742 -0.012430284
46.04 0.00029326092 -0.00019545551 -0.00019423446 -0.018007359 -0.031515166 -0.012703205
46.16 0.00030646833 -0.00020487479 -0.00019161676 -0.018166817 -0.031677671 -0.012973161
46.28 0.0003182825 -0.00021467829 -0.00018930432 -0.018336857 -0.031843154 -0.013239514
46.4 0.00032855437 -0.00022486032 -0.0001873982 -0.018518473 -0.032008515 -0.013501626
46.52 0.00033713489 -0.00023541522 -0.00018599948 -0.018712659 -0.032170651 -0.013758857
46.64 0.00034387502 -0.00024633731 -0.00018520923 -0.018920406 -0.032326461 -0.01401057
46.76 0.0003486257 -0.00025762092 -0.00018512852 -0.019142709 -0.032472845 -0.014256126
46.88 0.00035123788 -0.00026926037 -0.00018585842 -0.019380561 -0.032606699 -0.014494888
47 0.0003515625 -0.00028125 -0.0001875 -0.019634954 -0.032724924 -0.014726216
47.12 0.00034950298 -0.00029358872 -0.00019012733 -0.019906626 -0.032824643 -0.01494969
47.24 0.00034517259 -0.00030629384 -0.00019370643 -0.020195287 -0.032903883 -0.015165763
47.36 0.00033873706 -0.00031938725 -0.0001981763 -0.020500394 -0.032960896 -0.015375105
47.48 0.00033036213 -0.00033289085 -0.00020347596 -0.020821401 -0.032993936 -0.015578387
47.6 0.00032021353 -0.00034682654 -0.00020954441 -0.021157763 -0.033001254 -0.01577628
47.72 0.00030845699 -0.00036121621 -0.00021632067 -0.021508936 -0.032981103 -0.015969453
47.84 0.00029525824 -0.00037608177 -0.00022374375 -0.021874374 -0.032931736 -0.016158578
47.96 0.00028078302 -0.0003914451 -0.00023175265 -0.022253534 -0.032851405 -0.016344325
48.08 0.00026519707 -0.0004073281 -0.00024028639 -0.022645869 -0.032738363 -0.016527364
48.2 0.00024866611 -0.00042375268 -0.00024928397 -0.023050835 -0.032590862 -0.016708367
48.32 0.00023135588 -0.00044074073 -0.00025868441 -0.023467887 -0.032407154 -0.016888003
48.44 0.00021343211 -0.00045831415 -0.00026842672 -0.023896481 -0.032185493 -0.017066944
48.56 0.00019506054 -0.00047649483 -0.0002784499 -0.024336071 -0.031924131 -0.017245859
48.68 0.0001764069 -0.00049530466 -0.00028869297 -0.024786113 -0.03162132 -0.01742542
48.8 0.00015763693 -0.00051476556 -0.00029909493 -0.025246062 -0.031275314 -0.017606297
48.92 0.00013891635 -0.00053489941 -0.0003095948 -0.025715373 -0.030884363 -0.017789159
49.04 0.0001204109 -0.00055572811 -0.00032013158 -0.0261935 -0.030446721 -0.017974679
49.16 0.00010228631 -0.00057727356 -0.00033064429 -0.0266799 -0.029960641 -0.018163527
49.28 8.4708321e-05 -0.00059955765 -0.00034107193 -0.027174028 -0.029424375 -0.018356372
49.4 6.7842662e-05 -0.00062260229 -0.00035135352 -0.027675338 -0.028836175 -0.018553886
49.52 5.1855068e-05 -0.00064642937 -0.00036142807 -0.028183285 -0.028194295 -0.018756739
49.64 3.6911271e-05 -0.00067106078 -0.00037123458 -0.028697326 -0.027496986 -0.018965602
49.76 2.3177005e-05 -0.00069651842 -0.00038071206 -0.029216914 -0.026742501 -0.019181145
49.88 1.0818004e-05 -0.0007228242 -0.00038979953 -0.029741505 -0.025929092 -0.019404039
50 0 -0.00075 -0.000398436 -0.030270555 -0.025055013 -0.019634954
50.12 -9.1570414e-06 -0.00077804405 -0.00040655995 -0.030803231 -0.024119899 -0.019874318
50.24 -1.6716234e-05 -0.00080685986 -0.0004141078 -0.03133755 -0.023128925 -0.020121587
50.36 -2.2786458e-05 -0.00083632726 -0.00042101543 -0.031871244 -0.022088646 -0.020375973
50.48 -2.7476598e-05 -0.0008663261 -0.00042721873 -0.032402043 -0.021005619 -0.02063669
50.6 -3.0895535e-05 -0.00089673619 -0.0004326536 -0.032927678 -0.019886403 -0.020902949
50.72 -3.315215e-05 -0.00092743739 -0.00043725592 -0.033445878 -0.018737554 -0.021173965
50.84 -3.4355327e-05 -0.00095830953 -0.00044096159 -0.033954376 -0.017565628 -0.02144895
50.96 -3.4613946e-05 -0.00098923243 -0.00044370649 -0.0344509 -0.016377184 -0.021727116
51.08 -3.4036891e-05 -0.0010200859 -0.00044542652 -0.034933182 -0.015178777 -0.022007676
51.2 -3.2733043e-05 -0.0010507499 -0.00044605756 -0.035398953 -0.013976966 -0.022289844
51.32 -3.0811285e-05 -0.0010811041 -0.00044553551 -0.035845942 -0.012778306 -0.022572831
51.44 -2.8380497e-05 -0.0011110285 -0.00044379624 -0.036271881 -0.011589356 -0.022855852
51.56 -2.5549564e-05 -0.0011404027 -0.00044077567 -0.036674499 -0.010416673 -0.023138118
51.68 -2.2427365e-05 -0.0011691068 -0.00043640966 -0.037051528 -0.0092668122 -0.023418842
51.8 -1.9122785e-05 -0.0011970205 -0.00043063412 -0.037400698 -0.008146332 -0.023697238
51.92 -1.5744704e-05 -0.0012240236 -0.00042338494 -0.03771974 -0.0070617893 -0.023972519
52.04 -1.2402004e-05 -0.0012499961 -0.00041459799 -0.038006384 -0.0060197409 -0.024243895
52.16 -9.2035687e-06 -0.0012748176 -0.00040420918 -0.03825836 -0.0050267441 -0.024510582
52.28 -6.258279e-06 -0.0012983681 -0.0003921544 -0.038473399 -0.0040893558 -0.024771792
52.4 -3.6750173e-06 -0.0013205274 -0.00037836952 -0.038649232 -0.0032141331 -0.025026736
52.52 -1.5626656e-06 -0.0013411753 -0.00036279045 -0.038783589 -0.002407633 -0.025274629
52.64 -3.0105889e-08 -0.0013601917 -0.00034535308 -0.038874202 -0.0016764126 -0.025514683
52.76 8.1377964e-07 -0.0013774564 -0.00032599328 -0.038918799 -0.001027029 -0.025746111
52.88 8.6010896e-07 -0.0013928492 -0.00030464696 -0.038915112 -0.00046603906 -0.025968125
53 0 -0.00140625 -0.00028125 -0.038860872 0 -0.026179939
53.12 -1.8348165e-06 -0.0014175766 -0.00025577038 -0.038754685 0.00036656256 -0.026380995
53.24 -4.5501585e-06 -0.0014268987 -0.00022830445 -0.03859866 0.00063724842 -0.026571657
53.36 -8.0112313e-06 -0.0014343242 -0.00019898062 -0.038395785 0.00081768875 -0.026752517
53.48 -1.208324e-05 -0.0014399608 -0.00016792734 -0.038149044 0.00091351474 -0.02692417
53.6 -1.663139e-05 -0.0014439162 -0.00013527302 -0.037861425 0.00093035755 -0.027087207
53.72 -2.1520886e-05 -0.0014462982 -0.00010114609 -0.037535913 0.00087384836 -0.027242223
53.84 -2.6616933e-05 -0.0014472146 -6.5674996e-05 -0.037175494 0.00074961834 -0.027389811
53.96 -3.1784737e-05 -0.0014467731 -2.8988151e-05 -0.036783154 0.00056329867 -0.027530564
54.08 -3.6889503e-05 -0.0014450816 8.7860113e-06 -0.03636188 0.00032052053 -0.027665074
54.2 -4.1796436e-05 -0.0014422477 4.7519063e-05 -0.035914657 2.6915092e-05 -0.027793937
54.32 -4.6370742e-05 -0.0014383792 8.7082575e-05 -0.035444471 -0.00031188647 -0.027917743
54.44 -5.0477624e-05 -0.0014335839 0.00012734812 -0.034954308 -0.00069025299 -0.028037088
54.56 -5.3982289e-05 -0.0014279695 0.00016818726 -0.034447155 -0.0011025533 -0.028152563
54.68 -5.6749942e-05 -0.0014216438 0.00020947158 -0.033925997 -0.0015431562 -0.028264763
54.8 -5.8645788e-05 -0.0014147146 0.00025107265 -0.03339382 -0.0020064305 -0.028374281
54.92 -5.9535032e-05 -0.0014072897 0.00029286203 -0.032853611 -0.0024867451 -0.028481709
55.04 -5.9282879e-05 -0.0013994767 0.0003347113 -0.032308356 -0.0029784687 -0.028587641
55.16 -5.7754535e-05 -0.0013913835 0.00037649204 -0.03176104 -0.0034759702 -0.028692671
55.28 -5.4815205e-05 -0.0013831178 0.0004180758 -0.031214649 -0.0039736185 -0.028797391
55.4 -5.0330093e-05 -0.0013747874 0.00045933416 -0.030672171 -0.0044657823 -0.028902394
55.52 -4.4164406e-05 -0.0013665 0.0005001387 -0.030136589 -0.0049468305 -0.029008275
55.64 -3.6183347e-05 -0.0013583634 0.00054036098 -0.029610892 -0.0054111319 -0.029115626
55.76 -2.6252124e-05 -0.0013504853 0.00057987257 -0.029098064 -0.0058530553 -0.02922504
55.88 -1.4235939e-05 -0.0013429736 0.00061854506 -0.028601092 -0.0062669696 -0.02933711
56 0 -0.001335936 0.00065625 -0.028122962 -0.0066472435 -0.029452431
56.12 1.6533807e-05 -0.0013294603 0.00069288481 -0.027666159 -0.0069896205 -0.029571441
56.24 3.5216868e-05 -0.0013235549 0.00072845026 -0.02723117 -0.0072953419 -0.029693965
56.36 5.5843884e-05 -0.001318208 0.00076297294 -0.02681798 -0.0075670235 -0.029819674
56.48 7.8209558e-05 -0.001313408 0.00079647946 -0.026426576 -0.0078072813 -0.029948238
56.6 0.00010210859 -0.0013091434 0.00082899644 -0.026056942 -0.0080187312 -0.030079329
56.72 0.00012733569 -0.0013054025 0.00086055046 -0.025709065 -0.008203989 -0.030212618
56.84 0.00015368556 -0.0013021737 0.00089116813 -0.02538293 -0.0083656707 -0.030347775
56.96 0.0001809529 -0.0012994453 0.00092087607 -0.025078523 -0.0085063922 -0.030484472
57.08 0.0002089324 -0.0012972057 0.00094970087 -0.024795831 -0.0086287693 -0.030622379
57.2 0.00023741879 -0.0012954432 0.00097766913 -0.024534838 -0.0087354179 -0.030761166
57.32 0.00026620675 -0.0012941464 0.0010048075 -0.02429553 -0.008828954 -0.030900506
57.44 0.00029509099 -0.0012933034 0.0010311425 -0.024077894 -0.0089119934 -0.031040069
57.56 0.00032386622 -0.0012929027 0.0010567008 -0.023881914 -0.008987152 -0.031179526
57.68 0.00035232713 -0.0012929326 0.001081509 -0.023707577 -0.0090570457 -0.031318547
57.8 0.00038026844 -0.0012933816 0.0011055936 -0.023554869 -0.0091242904 -0.031456804
57.92 0.00040748483 -0.001294238 0.0011289814 -0.023423775 -0.0091915019 -0.031593967
58.04 0.00043377102 -0.0012954901 0.0011516988 -0.023314281 -0.0092612963 -0.031729707
58.16 0.00045892171 -0.0012971264 0.0011737726 -0.023226373 -0.0093362894 -0.031863696
58.28 0.0004827316 -0.0012991352 0.0011952292 -0.023160037 -0.009419097 -0.031995604
58.4 0.00050499539 -0.0013015048 0.0012160954 -0.023115258 -0.009512335 -0.032125102
58.52 0.00052550779 -0.0013042237 0.0012363977 -0.023092021 -0.0096186195 -0.032251861
58.64 0.0005440635 -0.0013072802 0.0012561627 -0.023090314 -0.0097405662 -0.032375552
58.76 0.00056045721 -0.0013106626 0.001275417 -0.023110121 -0.009880791 -0.032495845
58.88 0.00057448365 -0.0013143595 0.0012941872 -0.023151429 -0.01004191 -0.032612412
59 0.0005859375 -0.001318359 0.0013125 -0.023214223 -0.010226539 -0.032724924
59.12 0.00059467959 -0.0013226507 0.0013303751 -0.023298343 -0.010436412 -0.032833128
59.24 0.00060083519 -0.0013272286 0.0013478054 -0.023403048 -0.010669738 -0.032937082
59.36 0.0006045957 -0.0013320875 0.0013647769 -0.023527451 -0.010923845 -0.033036919
59.48 0.00060615251 -0.0013372226 0.0013812755 -0.023670665 -0.011196061 -0.033132774
59.6 0.00060569702 -0.0013426287 0.0013972873 -0.023831802 -0.011483712 -0.033224781
59.72 0.00060342061 -0.001348301 0.0014127983 -0.024009976 -0.011784125 -0.033313075
59.84 0.00059951469 -0.0013542345 0.0014277945 -0.024204299 -0.01209463 -0.033397788
59.96 0.00059417065 -0.0013604241 0.0014422619 -0.024413885 -0.012412552 -0.033479056
60.08 0.00058757989 -0.0013668648 0.0014561865 -0.024637846 -0.01273522 -0.033557012
60.2 0.00057993378 -0.0013735517 0.0014695544 -0.024875295 -0.01305996 -0.033631792
60.32 0.00057142374 -0.0013804798 0.0014823515 -0.025125346 -0.013384101 -0.033703528
60.44 0.00056224115 -0.001387644 0.001494564 -0.025387111 -0.013704969 -0.033772355
60.56 0.00055257741 -0.0013950394 0.0015061776 -0.025659703 -0.014019893 -0.033838407
60.68 0.00054262391 -0.0014026611 0.0015171786 -0.025942235 -0.014326199 -0.033901819
60.8 0.00053257204 -0.0014105039 0.0015275529 -0.02623382 -0.014621215 -0.033962724
60.92 0.0005226132 -0.0014185629 0.0015372865 -0.026533571 -0.014902268 -0.034021256
61.04 0.00051293879 -0.0014268332 0.0015463654 -0.026840601 -0.015166686 -0.034077551
61.16 0.0005037402 -0.0014353097 0.0015547757 -0.027154023 -0.015411797 -0.034131741
61.28 0.00049520881 -0.0014439874 0.0015625033 -0.027472949 -0.015634927 -0.034183961
61.4 0.00048753603 -0.0014528613 0.0015695343 -0.027796493 -0.015833405 -0.034234346
61.52 0.00048091325 -0.0014619265 0.0015758546 -0.028123768 -0.016004557 -0.034283029
61.64 0.00047553186 -0.001471178 0.0015814503 -0.028453886 -0.016145712 -0.034330144
61.76 0.00047158326 -0.0014806107 0.0015863075 -0.028785961 -0.016254196 -0.034375826
61.88 0.00046925884 -0.0014902197 0.001590412 -0.029119105 -0.016327337 -0.034420209
62 0.00046875 -0.0015 0.00159375 -0.029452431 -0.016362462 -0.034463427
62.12 0.00047020722 -0.0015099403 0.0015963146 -0.029784996 -0.016357676 -0.034505531
62.24 0.00047361738 -0.0015200042 0.001598128 -0.030115627 -0.016314189 -0.034546239
62.36 0.00047892645 -0.0015301491 0.0015992196 -0.030443097 -0.016233989 -0.034585187
62.48 0.00048608041 -0.0015403324 0.0015996186 -0.030766177 -0.016119064 -0.034622011
62.6 0.00049502521 -0.0015505113 0.0015993545 -0.031083639 -0.0159714 -0.034656346
62.72 0.00050570685 -0.0015606433 0.0015984565 -0.031394253 -0.015792986 -0.034687827
62.84 0.00051807128 -0.0015706856 0.001596954 -0.031696792 -0.015585808 -0.03471609
62.96 0.00053206448 -0.0015805957 0.0015948764 -0.031990027 -0.015351855 -0.03474077
63.08 0.00054763241 -0.0015903309 0.0015922531 -0.03227273 -0.015093114 -0.034761502
63.2 0.00056472106 -0.0015998484 0.0015891133 -0.032543672 -0.014811572 -0.034777923
63.32 0.00058327639 -0.0016091058 0.0015854864 -0.032801625 -0.014509217 -0.034789667
63.44 0.00060324437 -0.0016180603 0.0015814017 -0.033045361 -0.014188037 -0.034796371
63.56 0.00062457098 -0.0016266692 0.0015768887 -0.03327365 -0.013850018 -0.034797668
63.68 0.00064720218 -0.00163489 0.0015719766 -0.033485264 -0.013497149 -0.034793196
63.8 0.00067108395 -0.0016426799 0.0015666948 -0.033678976 -0.013131416 -0.034782589
63.92 0.00069616225 -0.0016499963 0.0015610727 -0.033853556 -0.012754808 -0.034765483
64.04 0.00072238307 -0.0016567966 0.0015551395 -0.034007777 -0.012369312 -0.034741513
64.16 0.00074969237 -0.0016630381 0.0015489248 -0.034140409 -0.011976916 -0.034710315
64.28 0.00077803612 -0.0016686782 0.0015424577 -0.034250224 -0.011579606 -0.034671523
64.4 0.00080736029 -0.0016736742 0.0015357676 -0.034335994 -0.01117937 -0.034624775
64.52 0.00083761086 -0.0016779835 0.0015288839 -0.03439649 -0.010778197 -0.034569704
64.64 0.00086873379 -0.0016815633 0.001521836 -0.034430484 -0.010378073 -0.034505947
64.76 0.00090067506 -0.0016843711 0.0015146531 -0.034436747 -0.0099809854 -0.034433139
64.88 0.00093338064 -0.0016863642 0.0015073647 -0.034414052 -0.0095889225 -0.034350915
65 0.0009667965 -0.0016875 0.0015 -0.034361169 -0.0092038716 -0.034258911
65.12 0.0010008686 -0.0016877358 0.0014925885 -0.03427687 -0.0088278201 -0.034156762
65.24 0.0010355429 -0.0016870289 0.0014851594 -0.034159927 -0.0084627555 -0.034044104
65.36 0.0010707655 -0.0016853367 0.0014777421 -0.034009111 -0.0081106653 -0.033920572
65.48 0.0011064822 -0.0016826165 0.0014703661 -0.033823193 -0.007773537 -0.033785802
65.6 0.001142639 -0.0016788258 0.0014630605 -0.033600946 -0.0074533581 -0.033639428
65.72 0.0011791819 -0.0016739218 0.0014558548 -0.033341141 -0.0071521162 -0.033481088
65.84 0.0012160569 -0.0016678619 0.0014487783 -0.033042549 -0.0068717986 -0.033310415
65.96 0.00125321 -0.0016606034 0.0014418603 -0.032703942 -0.006614393 -0.033127045
66.08 0.0012905871 -0.0016521037 0.0014351303 -0.032324092 -0.0063818868 -0.032930614
66.2 0.0013281342 -0.0016423201 0.0014286175 -0.031901769 -0.0061762675 -0.032720758
66.32 0.0013657972 -0.00163121 0.0014223513 -0.031435747 -0.0059995227 -0.032497111
66.44 0.0014035222 -0.0016187308 0.0014163611 -0.030924795 -0.0058536398 -0.03225931
66.56 0.0014412551 -0.0016048397 0.0014106761 -0.030367686 -0.0057406063 -0.032006989
66.68 0.0014789418 -0.0015894942 0.0014053258 -0.029763191 -0.0056624097 -0.031739784
66.8 0.0015165285 -0.0015726516 0.0014003395 -0.029110082 -0.0056210376 -0.03145733
66.92 0.0015539609 -0.0015542691 0.0013957465 -0.028407131 -0.0056184774 -0.031159264
67.04 0.0015911851 -0.0015343043 0.0013915762 -0.027653108 -0.0056567167 -0.03084522
67.16 0.0016281471 -0.0015127144 0.0013878579 -0.026846786 -0.0057377428 -0.030514833
67.28 0.0016647928 -0.0014894567 0.001384621 -0.025986936 -0.0058635435 -0.03016774
67.4 0.0017010683 -0.0014644887 0.0013818948 -0.025072329 -0.006036106 -0.029803576
67.52 0.0017369194 -0.0014377676 0.0013797087 -0.024101738 -0.006257418 -0.029421976
67.64 0.0017722921 -0.0014092509 0.001378092 -0.023073933 -0.006529467 -0.029022575
67.76 0.0018071325 -0.0013788958 0.0013770741 -0.021987686 -0.0068542404 -0.02860501
67.88 0.0018413865 -0.0013466597 0.0013766843 -0.02084177 -0.0072337257 -0.028168915
68 0.001875 -0.0013125 0.001376952 -0.019634954 -0.0076699106 -0.027713926
